lastlocation:
  world: LionHUB
  x: 746.4833876147956
  y: 8.706584805891886
  z: 3669.9675127785263
  yaw: 28.994513
  pitch: 23.790096
lastAccountName: Dustyn07R
timestamps:
  login: 1518473528374
  lastteleport: 1518473552771
  logout: 1518473565469
ipAddress: 71.76.23.209
money: '0.0'
logoutlocation:
  world: MainLobby
  x: 4.166639598379202
  y: 60.0
  z: 0.14046934094346963
  yaw: -89.163536
  pitch: 4.3263516
