lastlocation:
  world: LionHUB
  x: 93.51999108110613
  y: 45.0
  z: -62.30000001192093
  yaw: 358.7368
  pitch: 11.762165
lastAccountName: muhoaga123
timestamps:
  login: 1506701072199
  logout: 1506701112430
ipAddress: 85.109.117.188
socialspy: false
logoutlocation:
  world: LionHUB
  x: 93.49868008391059
  y: 45.5
  z: -62.01851486333739
  yaw: 269.63864
  pitch: 0.53893965
