lastAccountName: zigonildo
timestamps:
  login: 1501538140860
  logout: 1501538223045
ipAddress: 186.207.20.98
socialspy: false
logoutlocation:
  world: LionHUB
  x: 93.57878468916746
  y: 46.0
  z: -49.69999998807907
  yaw: -195.37178
  pitch: 47.97477
