lastlocation:
  world: LionHUB
  x: 942.9395244330399
  y: 38.0
  z: -414.9798036988763
  yaw: -4.153345
  pitch: 2.907533
lastAccountName: SniperAY2004
timestamps:
  login: 1508685332335
  lastteleport: 1508683953504
  logout: 1508685346002
ipAddress: 80.107.130.50
logoutlocation:
  world: LionHUB
  x: 942.9395244330399
  y: 38.0
  z: -414.9798036988763
  yaw: 5.9750123
  pitch: 41.809643
