lastlocation:
  world: LionHUB
  x: 746.3028242197804
  y: 10.0
  z: 3613.5196900806677
  yaw: -12.855469
  pitch: 11.790099
lastAccountName: Bremen1985
timestamps:
  login: 1520965332554
  lastteleport: 1520965375780
  logout: 1520965385333
ipAddress: 77.21.36.63
money: '0.0'
logoutlocation:
  world: Sg
  x: -99.5
  y: 5.0
  z: 51.5
  yaw: -181.98329
  pitch: -17.184282
