lastAccountName: Rankz_Playz
timestamps:
  login: 1505092631772
  lastteleport: 1505092678527
  logout: 1505093024120
ipAddress: 174.135.62.130
socialspy: false
lastlocation:
  world: LionHUB
  x: 92.01283572691761
  y: 48.0
  z: -48.13897240559519
  yaw: 13.764081
  pitch: 0.6155475
logoutlocation:
  world: LionHUB
  x: 87.32316414977113
  y: 46.0
  z: -64.62601807789028
  yaw: -102.88314
  pitch: 16.394423
