lastlocation:
  world: LionHUB
  x: 697.8762088737622
  y: 5.421599998474121
  z: 3655.848663836807
  yaw: -340.30762
  pitch: 37.890057
lastAccountName: RedstonePerson
timestamps:
  login: 1518116742050
  lastteleport: 1518116833974
  logout: 1518116856847
ipAddress: 86.95.77.254
logoutlocation:
  world: LionHUB
  x: 746.0732547097145
  y: 2.0
  z: 3921.1673882827236
  yaw: 190.02184
  pitch: -0.43019733
