timestamps:
  lastteleport: 1497876612519
  login: 1497876585374
  logout: 1497876610116
lastlocation:
  world: MainLobby
  x: 15.562128531169556
  y: 57.0
  z: -1.559923773991255
  yaw: 15.919403
  pitch: 21.204336
socialspy: false
lastAccountName: AlowS
ipAddress: 78.167.77.203
logoutlocation:
  world: LionHUB
  x: 30.5
  y: 67.0
  z: 15.5
  yaw: 90.11987
  pitch: -0.34908158
