timestamps:
  lastteleport: 1500573609542
  login: 1500573543974
  logout: 1500573608090
lastlocation:
  world: LionHUB
  x: 92.6136765663101
  y: 46.0
  z: -68.88076551393095
  yaw: -174.18407
  pitch: 26.91714
lastAccountName: CheeseCATe1
ipAddress: 117.225.1.207
socialspy: false
logoutlocation:
  world: LionHUB
  x: 93.5
  y: 45.0
  z: -62.5
  yaw: -359.88382
  pitch: -20.032845
