timestamps:
  lastteleport: 1510168083017
  login: 1514033617247
  logout: 1514033703270
  mute: 0
lastlocation:
  world: LionHUB
  x: 943.0195191088159
  y: 38.0
  z: -414.25812266697704
  yaw: -0.47781372
  pitch: -3.5336792
lastAccountName: Supercraft0704
ipAddress: 188.146.105.59
socialspy: false
logoutlocation:
  world: LionHUB
  x: 918.5753755609711
  y: 45.24876934787078
  z: -414.0290705762026
  yaw: -4.8277893
  pitch: 30.966312
muted: false
