lastlocation:
  world: LionHUB
  x: 943.1905469715206
  y: 39.24918707874468
  z: -363.0798227240857
  yaw: 1.0744934
  pitch: -0.23530239
lastAccountName: St00tSDaPVPnoob
timestamps:
  login: 1514481934973
  lastteleport: 1514481970774
  logout: 1514482047872
ipAddress: 79.167.139.217
money: '0.0'
logoutlocation:
  world: MainLobby
  x: -0.4145557228398797
  y: 60.0
  z: -3.69999998807907
  yaw: -170.78094
  pitch: 23.741428
