timestamps:
  lastteleport: 1499690927297
  login: 1499690917505
  logout: 1499690926795
lastlocation:
  world: LionHUB
  x: 93.5
  y: 45.0
  z: -62.5
  yaw: -34.233704
  pitch: 1.4171582
socialspy: false
lastAccountName: ProperDummies
ipAddress: 36.74.246.41
logoutlocation:
  world: LionHUB
  x: 93.5
  y: 45.0
  z: -62.5
  yaw: -359.88382
  pitch: -20.032845
