timestamps:
  lastteleport: 1499901653646
  login: 1499901644638
  logout: 1499901653494
lastlocation:
  world: LionHUB
  x: 93.35
  y: 45.0
  z: -62.35
  yaw: -359.88382
  pitch: -20.032845
lastAccountName: wXnUkIgwr86WsCxt
ipAddress: 85.95.201.30
socialspy: false
logoutlocation:
  world: LionHUB
  x: 93.5
  y: 45.0
  z: -62.5
  yaw: -359.88382
  pitch: -20.032845
