timestamps:
  lastteleport: 1499931880065
  login: 1507345658955
  logout: 1507345757314
lastlocation:
  world: LionHUB
  x: 943.3590504771521
  y: 38.0
  z: -415.1400437956654
  yaw: -95.35333
  pitch: 23.90753
socialspy: false
lastAccountName: Zenmatho
ipAddress: 36.83.41.15
logoutlocation:
  world: LionHUB
  x: 943.0644037800563
  y: 38.0
  z: -414.69615849648756
  yaw: -1.7533569
  pitch: 1.7075297
