timestamps:
  lastteleport: 1499901652206
  login: 1499901649510
  logout: 1499901650935
lastlocation:
  world: LionHUB
  x: 93.5
  y: 45.0
  z: -62.5
  yaw: -359.88382
  pitch: -20.032845
socialspy: false
lastAccountName: BPL4h9yRv2CggE3g
ipAddress: 210.57.215.13
logoutlocation:
  world: LionHUB
  x: 93.5
  y: 45.0
  z: -62.5
  yaw: -359.88382
  pitch: -20.032845
