lastlocation:
  world: LionHUB
  x: 942.5
  y: 38.0
  z: -414.5
  yaw: 0.0
  pitch: 0.0
lastAccountName: OrbixYT
timestamps:
  login: 1508541668060
  logout: 1508541722455
ipAddress: 107.9.194.208
logoutlocation:
  world: LionHUB
  x: 968.4987492654902
  y: 37.0
  z: -446.51840721903943
  yaw: 315.21143
  pitch: -3.968452
