lastlocation:
  world: skywars
  x: 102.53877164454025
  y: 153.0
  z: -115.42277140847743
  yaw: 359.54773
  pitch: 5.0540295
lastAccountName: FingerCreeper
timestamps:
  login: 1506614842047
  logout: 1506614903429
ipAddress: 81.40.254.166
socialspy: false
logoutlocation:
  world: LionHUB
  x: 92.92224636178173
  y: 47.0
  z: -49.85170622975349
  yaw: 161.93864
  pitch: -5.3110743
