timestamps:
  lastteleport: 1499901701524
  login: 1499901680239
  logout: 1499901698797
lastlocation:
  world: LionHUB
  x: 93.35
  y: 45.0
  z: -62.35
  yaw: -359.88382
  pitch: -20.032845
socialspy: false
lastAccountName: guEOxmlSgHiGsh2w
ipAddress: 37.59.0.139
logoutlocation:
  world: LionHUB
  x: 93.5
  y: 45.0
  z: -62.5
  yaw: -359.88382
  pitch: -20.032845
