lastlocation:
  world: Factions
  x: -2.446219334546553
  y: 62.0
  z: -356.1521335303243
  yaw: 346.86493
  pitch: 30.203941
