lastlocation:
  world: map
  x: -990.1196294299958
  y: 84.4807108763317
  z: 289.0330875322251
  yaw: -5.5500045
  pitch: 32.750008
lastAccountName: Creater117YTNub
timestamps:
  login: 1518896955133
  logout: 1518897500872
  lastteleport: 1518896993984
ipAddress: 167.142.166.218
money: '0.0'
logoutlocation:
  world: map
  x: -956.5351448681835
  y: 24.86436911614331
  z: 273.613850127223
  yaw: -167.54987
  pitch: 86.99998
godmode: false
