timestamps:
  lastteleport: 1499895973033
  login: 1499895961845
  logout: 1499895972230
lastlocation:
  world: LionHUB
  x: 93.5
  y: 45.0
  z: -62.5
  yaw: -311.34625
  pitch: -0.37204152
lastAccountName: Batman_killer
ipAddress: 186.179.186.75
socialspy: false
logoutlocation:
  world: LionHUB
  x: 93.5
  y: 45.0
  z: -62.5
  yaw: -359.88382
  pitch: -20.032845
