lastlocation:
  world: Factions
  x: 152.41272732204774
  y: 63.0
  z: -217.9842203312599
  yaw: 285.6184
  pitch: 16.933546
