timestamps:
  lastteleport: 1498437969440
  login: 1498437965487
  logout: 1498437968438
lastlocation:
  world: LionHUB
  x: 30.5
  y: 67.0
  z: 15.5
  yaw: 90.11987
  pitch: -0.34908158
lastAccountName: ChocolateStone25
ipAddress: 173.190.65.203
socialspy: false
logoutlocation:
  world: LionHUB
  x: 30.5
  y: 67.0
  z: 15.5
  yaw: 90.11987
  pitch: -0.34908158
