lastAccountName: toxic13d
timestamps:
  login: 1504439750351
  lastteleport: 1504439755813
  logout: 1504439792307
ipAddress: 88.81.134.183
socialspy: false
lastlocation:
  world: LionHUB
  x: 93.43591354956683
  y: 48.0
  z: -46.717865075603214
  yaw: -2.090537
  pitch: -3.824781
logoutlocation:
  world: MainLobby
  x: 6.944451856008133
  y: 59.0
  z: 2.940652545905138
  yaw: 278.23853
  pitch: 26.363537
