timestamps:
  lastteleport: 1500865959535
  login: 1500865810079
  logout: 1500865957478
lastlocation:
  world: LionHUB
  x: 87.30000001192093
  y: 46.0
  z: -63.12542866455828
  yaw: -263.8814
  pitch: 50.022022
lastAccountName: iVex_DevNT_
socialspy: false
ipAddress: 108.225.22.129
logoutlocation:
  world: LionHUB
  x: 93.5
  y: 45.0
  z: -62.5
  yaw: -359.88382
  pitch: -20.032845
