timestamps:
  lastteleport: 1499842947274
  login: 1499842930567
  logout: 1499842946473
lastlocation:
  world: LionHUB
  x: 93.5
  y: 45.0
  z: -62.5
  yaw: -132.7838
  pitch: 89.549995
lastAccountName: ChickenS
ipAddress: 36.74.246.41
socialspy: false
logoutlocation:
  world: LionHUB
  x: 93.5
  y: 45.0
  z: -62.5
  yaw: -359.88382
  pitch: -20.032845
