lastlocation:
  world: LionHUB
  x: 746.4592455243042
  y: 10.0
  z: 3608.7898504515924
  yaw: -0.10546875
  pitch: -4.859901
lastAccountName: JustASavageGamer
timestamps:
  login: 1517517628594
  logout: 1517517671215
ipAddress: 85.144.254.120
logoutlocation:
  world: LionHUB
  x: 769.5975774256074
  y: 5.0
  z: 3615.7086254694896
  yaw: -161.20538
  pitch: 11.490101
