lastlocation:
  world: LionHUB
  x: 93.95272234539067
  y: 47.0
  z: -48.75361550018494
  yaw: 22.80148
  pitch: 11.206764
socialspy: false
lastAccountName: michaellee1995
timestamps:
  login: 1506793896557
  lastteleport: 1506793938072
  logout: 1506793956508
ipAddress: 178.18.153.75
logoutlocation:
  world: SkyBlock
  x: 0.5366515343775973
  y: 65.0
  z: 3.088913335868382
  yaw: -2.7865102
  pitch: 1.1265669
