lastlocation:
  world: LionHUB
  x: 942.9847941585354
  y: 38.0
  z: -414.80756805231493
  yaw: -359.53693
  pitch: 4.701889
lastAccountName: oO0Ff
timestamps:
  login: 1511052272437
  logout: 1511052290169
ipAddress: 107.210.157.215
logoutlocation:
  world: LionHUB
  x: 943.1264971236483
  y: 38.0
  z: -414.9344851199828
  yaw: -28.35323
  pitch: 35.706726
