lastlocation:
  world: LionHUB
  x: 942.9847941585354
  y: 38.0
  z: -414.80756805231493
  yaw: -359.53693
  pitch: 4.701889
lastAccountName: SourJohnson
timestamps:
  login: 1510452811662
  logout: 1510452835399
ipAddress: 97.113.9.186
logoutlocation:
  world: LionHUB
  x: 940.4339635360709
  y: 37.5
  z: -406.9339552836617
  yaw: 55.06319
  pitch: 12.351894
