lastAccountName: XxDannyPlayZMCxX
timestamps:
  login: 1503666280562
  logout: 1503666371982
  lastteleport: 1503666296811
ipAddress: 190.213.247.71
socialspy: false
logoutlocation:
  world: MainLobby
  x: 21.521958777588548
  y: 59.0
  z: 2.6999999880790697
  yaw: 1.1776168
  pitch: 32.93083
lastlocation:
  world: LionHUB
  x: 93.81922114120773
  y: 46.0
  z: -61.085728885631696
  yaw: -28.15157
  pitch: 10.664681
