lastlocation:
  world: LionHUB
  x: 943.37622988352
  y: 38.86356380132675
  z: -364.3690501421187
  yaw: 3.3038025
  pitch: -6.2653036
lastAccountName: B3ef
timestamps:
  login: 1516215189518
  lastteleport: 1516215242818
  logout: 1516215267177
ipAddress: 87.156.88.52
money: '0.0'
logoutlocation:
  world: MainLobby
  x: 5.826016723243657
  y: 59.5
  z: 0.13522772151363088
  yaw: -269.31354
  pitch: -13.223648
