lastlocation:
  world: LionHUB
  x: 943.0644037800563
  y: 38.0
  z: -414.69615849648756
  yaw: 357.04663
  pitch: 2.6075296
lastAccountName: Kawai_is_bae
timestamps:
  login: 1507074265809
  logout: 1507074328209
ipAddress: 75.73.190.102
socialspy: false
logoutlocation:
  world: LionHUB
  x: 942.9405713982301
  y: 38.0
  z: -414.0105899520352
  yaw: 137.11304
  pitch: 12.351888
