lastlocation:
  world: parkour
  x: 737.06014302677
  y: 4.165852270578357
  z: 1006.5739253670773
  yaw: -61.645557
  pitch: -0.7756699
lastAccountName: ACE_MC52
timestamps:
  login: 1513054894623
  lastteleport: 1513055220237
  logout: 1513055409211
ipAddress: 1.32.11.183
money: '0.0'
logoutlocation:
  world: parkour
  x: 733.5
  y: 28.0
  z: 1000.5
  yaw: -0.11156011
  pitch: 4.0113673
