lastAccountName: kindlenhan
timestamps:
  login: 1504948930323
  lastteleport: 1504948951508
  logout: 1504949011493
ipAddress: 123.21.17.2
socialspy: false
lastlocation:
  world: SkyBlock
  x: 109.26966405111149
  y: 67.1707870772188
  z: 22.033198772910502
  yaw: 135.84598
  pitch: 13.630085
logoutlocation:
  world: LionHUB
  x: 93.3572903442937
  y: 47.0
  z: -50.74575892845537
  yaw: 245.57092
  pitch: 14.31752
