timestamps:
  lastteleport: 1499901652223
  login: 1499901649512
  logout: 1499901650935
lastlocation:
  world: LionHUB
  x: 93.5
  y: 45.0
  z: -62.5
  yaw: -359.88382
  pitch: -20.032845
socialspy: false
lastAccountName: 5pzVbpkf_aNvj0ne
ipAddress: 202.182.57.10
logoutlocation:
  world: LionHUB
  x: 93.5
  y: 45.0
  z: -62.5
  yaw: -359.88382
  pitch: -20.032845
