lastlocation:
  world: LionHUB
  x: 943.0195191088159
  y: 38.0
  z: -414.25812266697704
  yaw: -0.47781372
  pitch: -3.5336792
lastAccountName: hajrice
timestamps:
  login: 1510525289439
  lastteleport: 1510442949935
  logout: 1510525297884
ipAddress: 170.84.8.62
logoutlocation:
  world: LionHUB
  x: 937.6916925075346
  y: 37.0
  z: -418.7377456583312
  yaw: 121.97426
  pitch: 10.178283
