lastAccountName: xYtry
timestamps:
  login: 1501176448109
  logout: 1501176739738
  lastteleport: 1501176453235
ipAddress: 46.227.199.152
socialspy: false
logoutlocation:
  world: MainLobby
  x: 15.468473848834716
  y: 57.0
  z: 4.099002175737684
  yaw: -32.933315
  pitch: 9.432611
lastlocation:
  world: LionHUB
  x: 93.6444600108178
  y: 47.0
  z: -48.5629433870723
  yaw: 2.5766258
  pitch: 1.4947764
