lastlocation:
  world: LionHUB
  x: 942.9395244330399
  y: 38.0
  z: -414.9798036988763
  yaw: -4.153345
  pitch: 2.907533
lastAccountName: gasterblas
timestamps:
  login: 1508234410645
  logout: 1508234434591
ipAddress: 111.125.108.63
logoutlocation:
  world: LionHUB
  x: 942.9423055166144
  y: 38.0
  z: -414.12265586003053
  yaw: 359.74664
  pitch: 32.007534
