lastlocation:
  world: LionHUB
  x: 942.2221723516509
  y: 37.0
  z: -452.2386530592405
  yaw: -175.12329
  pitch: -1.0784091
lastAccountName: PvP_3RSA
timestamps:
  login: 1508776973991
  logout: 1508777082369
ipAddress: 188.227.237.247
logoutlocation:
  world: LionHUB
  x: 937.5566649524237
  y: 37.0
  z: -410.435103110412
  yaw: -103.36377
  pitch: 52.417156
