timestamps:
  lastteleport: 1499901712182
  login: 1499901682322
  logout: 1499901711629
lastlocation:
  world: LionHUB
  x: 93.5
  y: 45.0
  z: -62.5
  yaw: -359.88382
  pitch: -20.032845
lastAccountName: ZWm8vA8uWr6PJEcG
ipAddress: 101.203.174.209
socialspy: false
logoutlocation:
  world: LionHUB
  x: 93.5
  y: 45.0
  z: -62.5
  yaw: -359.88382
  pitch: -20.032845
