lastlocation:
  world: Factions
  x: 347.0683828254771
  y: 80.0
  z: -114.25068919509492
  yaw: -94.38193
  pitch: 9.450018
