timestamps:
  lastteleport: 1499841699249
  login: 1499841690197
  logout: 1499841698397
lastlocation:
  world: LionHUB
  x: 93.5
  y: 45.0
  z: -62.5
  yaw: -14.283783
  pitch: -22.132847
socialspy: false
lastAccountName: FixItFelix
ipAddress: 36.74.246.41
logoutlocation:
  world: LionHUB
  x: 93.5
  y: 45.0
  z: -62.5
  yaw: -359.88382
  pitch: -20.032845
