lastlocation:
  world: LionHUB
  x: 745.9308885689805
  y: 8.0
  z: 3669.8941756928857
  yaw: -13.453674
  pitch: 4.2901697
lastAccountName: whoneedsleep
timestamps:
  login: 1519619493328
  lastteleport: 1519619571191
  logout: 1519619790822
ipAddress: 122.36.78.2
money: '0.0'
logoutlocation:
  world: MainLobby
  x: 11.554719366734854
  y: 57.0
  z: 12.544925213085275
  yaw: -290.16327
  pitch: 24.126354
