lastlocation:
  world: MainLobby
  x: 16.625452516219454
  y: 57.0
  z: 8.100832370300378
  yaw: -27.05008
  pitch: 26.910769
lastAccountName: GereksizEv
timestamps:
  login: 1520030671510
  lastteleport: 1520030498998
  logout: 1520030793705
ipAddress: 78.162.71.53
money: '500.0'
logoutlocation:
  world: LionHUB
  x: 745.5240085029561
  y: 10.0
  z: 3610.069217923954
  yaw: -165.17773
  pitch: 4.743202
