lastlocation:
  world: LionHUB
  x: 947.2467849143088
  y: 37.0
  z: -424.42064903259296
  yaw: -0.13836569
  pitch: 19.418123
lastAccountName: Yuler
timestamps:
  login: 1512632665378
  lastteleport: 1512632759889
  kits:
    starter: 1512632766579
  logout: 1512632844757
ipAddress: 187.199.198.181
money: '0.0'
logoutlocation:
  world: Factions
  x: 123.29496753625976
  y: 68.0
  z: -366.4382844403331
  yaw: -240.78711
  pitch: 12.177915
