lastAccountName: XJlE6
timestamps:
  login: 1505146330456
  lastteleport: 1505146337923
  logout: 1505147265227
ipAddress: 79.104.201.5
socialspy: false
lastlocation:
  world: LionHUB
  x: 93.36166473422027
  y: 48.0
  z: -46.30000001192093
  yaw: -12.813155
  pitch: 0.9621682
logoutlocation:
  world: MainLobby
  x: -0.5046182427609314
  y: 60.0
  z: 0.530779078393482
  yaw: -89.0
  pitch: 2.0
