lastlocation:
  world: LionHUB
  x: 774.014569491597
  y: 9.403863939065316
  z: 3564.594741793434
  yaw: -114.57967
  pitch: 18.767063
lastAccountName: FIREBOY_RY
timestamps:
  login: 1521498691163
  lastteleport: 1521491295177
  logout: 1521498943225
  kits:
    starter: 1520967537581
    god: 1520382413771
ipAddress: 68.50.187.201
money: '500.0'
logoutlocation:
  world: LionHUB
  x: 754.0567957020779
  y: 2.0
  z: 3922.779734126369
  yaw: -244.6159
  pitch: 50.798737
nickname: FIREBOY_RY
