lastlocation:
  world: ValleysideUniversity
  x: 317.63515937544355
  y: 5.0
  z: 146.45477090499412
  yaw: 138.4503
  pitch: 62.999996
lastAccountName: maghadich66
timestamps:
  login: 1511807474382
  lastteleport: 1511807574838
  logout: 1511807716416
ipAddress: 105.158.231.35
money: '0.0'
logoutlocation:
  world: Sg
  x: -98.90342285604456
  y: 5.0
  z: 46.48309168002618
  yaw: -180.03328
  pitch: 6.9657087
