lastAccountName: TBNRbaileyK
timestamps:
  login: 1504716879064
  lastteleport: 1504716893336
  logout: 1504716947088
ipAddress: 92.237.102.251
socialspy: false
lastlocation:
  world: LionHUB
  x: 93.55828647951421
  y: 46.0
  z: -58.909271661641206
  yaw: 11.639188
  pitch: 46.782967
logoutlocation:
  world: MainLobby
  x: 1.6173783051944692
  y: 61.0
  z: 4.483510027720204
  yaw: -28.473473
  pitch: 38.475945
