timestamps:
  lastteleport: 1500085414974
  login: 1508498851543
  logout: 1508498967643
lastlocation:
  world: LionHUB
  x: 942.9847941585354
  y: 38.0
  z: -414.80756805231493
  yaw: -359.53693
  pitch: 4.701889
socialspy: false
lastAccountName: aziz
ipAddress: 41.226.244.245
logoutlocation:
  world: LionHUB
  x: 942.9372103777067
  y: 38.0
  z: -414.97084277894044
  yaw: 177.49677
  pitch: 20.399992
