lastAccountName: ChaosGaming123
timestamps:
  login: 1505782590781
  logout: 1505782930774
ipAddress: 174.135.62.130
socialspy: false
logoutlocation:
  world: LionHUB
  x: 94.20022374555514
  y: 46.0
  z: -60.43108206243611
  yaw: 9.448891
  pitch: -0.9765531
