timestamps:
  lastteleport: 1499901646423
  login: 1499901642579
lastlocation:
  world: LionHUB
  x: 93.5
  y: 45.0
  z: -62.5
  yaw: -359.88382
  pitch: -20.032845
lastAccountName: cmvSmQxbU4wAkCDK
ipAddress: 201.209.253.69
socialspy: false
logoutlocation:
  world: LionHUB
  x: 93.5
  y: 45.0
  z: -62.5
  yaw: -359.88382
  pitch: -20.032845
