lastlocation:
  world: FFACombo
  x: 13.055524721611746
  y: 24.0
  z: 16.944640455989322
  yaw: 121.020325
  pitch: -3.5809052
lastAccountName: AshhKlng1
timestamps:
  login: 1511383264763
  logout: 1511383383204
ipAddress: 99.23.44.185
logoutlocation:
  world: FFACombo
  x: 1.0
  y: 24.0
  z: 13.0
  yaw: 121.020325
  pitch: -3.5809052
