lastlocation:
  world: LionHUB
  x: 744.2852796755864
  y: 2.0
  z: 3923.8936591125007
  yaw: -179.79895
  pitch: 9.331793
