timestamps:
  lastteleport: 1498537221746
  login: 1498537191742
  logout: 1498537220044
lastlocation:
  world: LionHUB
  x: 30.5
  y: 67.0
  z: 15.5
  yaw: 90.11987
  pitch: -0.34908158
lastAccountName: MrBedwarsJr
ipAddress: 76.94.156.14
socialspy: false
logoutlocation:
  world: LionHUB
  x: 30.5
  y: 67.0
  z: 15.5
  yaw: 90.11987
  pitch: -0.34908158
