lastAccountName: Xx_kiiler_xX
timestamps:
  login: 1504867919513
  lastteleport: 1504867986285
  logout: 1504867987825
ipAddress: 79.107.237.55
socialspy: false
lastlocation:
  world: LionHUB
  x: 93.31785276813753
  y: 47.0
  z: -48.147874283162956
  yaw: 15.877385
  pitch: 16.39345
logoutlocation:
  world: SkyBlock
  x: 0.5
  y: 65.0
  z: 0.5
  yaw: -0.5006714
  pitch: 1.4008675
