timestamps:
  lastteleport: 1499901641971
  login: 1499901638352
lastlocation:
  world: LionHUB
  x: 93.5
  y: 45.0
  z: -62.5
  yaw: -359.88382
  pitch: -20.032845
socialspy: false
lastAccountName: kYYSjmOhgJIFYZa5
ipAddress: 81.199.154.115
logoutlocation:
  world: LionHUB
  x: 93.5
  y: 45.0
  z: -62.5
  yaw: -359.88382
  pitch: -20.032845
