lastlocation:
  world: LionHUB
  x: 746.4592455243042
  y: 10.0
  z: 3608.7898504515924
  yaw: -0.10546875
  pitch: -4.859901
lastAccountName: CezaryLadak
timestamps:
  login: 1520454488752
  logout: 1520454519099
ipAddress: 89.64.21.245
logoutlocation:
  world: LionHUB
  x: 745.6213312839567
  y: 10.0
  z: 3607.2724146673263
  yaw: -352.786
  pitch: 6.9100327
