timestamps:
  lastteleport: 1500894797210
  login: 1500894755758
  logout: 1500894796208
lastlocation:
  world: LionHUB
  x: 87.30800545820247
  y: 46.0
  z: -68.80828016344802
  yaw: -226.08453
  pitch: 8.317144
socialspy: false
lastAccountName: MrWozza
ipAddress: 82.9.176.80
logoutlocation:
  world: LionHUB
  x: 93.5
  y: 45.0
  z: -62.5
  yaw: -359.88382
  pitch: -20.032845
