lastlocation:
  world: SkyBlock
  x: 0.0
  y: 65.0
  z: 0.0
  yaw: 0.0
  pitch: 0.0
lastAccountName: HiddenClap
timestamps:
  login: 1515026095969
  lastteleport: 1515026129595
  logout: 1515026233807
ipAddress: 49.144.193.204
money: '0.0'
logoutlocation:
  world: SkyBlock
  x: 0.5
  y: 65.0
  z: 0.5
  yaw: -0.5006714
  pitch: 1.4008675
