socialspy: false
lastAccountName: iTzDecoGaming_
timestamps:
  login: 1505353436807
  logout: 1505354595295
ipAddress: 181.53.168.87
lastlocation:
  world: MainLobby
  x: 14.389198926113439
  y: 57.4807108763317
  z: -1.576142236732348
  yaw: 87.324036
  pitch: 2.000011
logoutlocation:
  world: MainLobby
  x: 19.699821467046156
  y: 57.5
  z: -0.40649710580151566
  yaw: -261.37704
  pitch: 8.393313
