lastAccountName: XQ112
timestamps:
  login: 1503213272773
  logout: 1503213330717
ipAddress: 139.194.10.83
socialspy: false
logoutlocation:
  world: LionHUB
  x: 93.50123340067512
  y: 45.0
  z: -62.01725459660685
  yaw: 1.2886657
  pitch: -1.4110628
