timestamps:
  lastteleport: 1499658314138
  login: 1499658281994
  logout: 1499658313986
lastlocation:
  world: LionHUB
  x: 93.5
  y: 3.0
  z: -62.5
  yaw: -38.565918
  pitch: 3.8999913
lastAccountName: KingPenguinHD
ipAddress: 36.74.246.41
socialspy: false
logoutlocation:
  world: LionHUB
  x: 93.5
  y: 3.0
  z: -62.5
  yaw: -179.4159
  pitch: 90.0
