lastlocation:
  world: LionHUB
  x: 943.0195191088159
  y: 38.0
  z: -414.25812266697704
  yaw: 0.46307373
  pitch: 4.701889
lastAccountName: MCGamer44
timestamps:
  login: 1510982443089
  logout: 1510982455229
ipAddress: 219.92.101.35
logoutlocation:
  world: LionHUB
  x: 943.0195191088159
  y: 38.0
  z: -414.25812266697704
  yaw: 0.46307373
  pitch: 4.701889
