lastlocation:
  world: FFAnormal
  x: -15.546490885815937
  y: 15.0
  z: 6.160194242700902
  yaw: 93.15439
  pitch: -6.3801446
lastAccountName: alilodz
timestamps:
  login: 1511030366098
  logout: 1511030478100
ipAddress: 105.103.97.251
logoutlocation:
  world: FFAnormal
  x: 2.0
  y: 14.0
  z: 5.0
  yaw: 93.15439
  pitch: -6.3801446
