lastlocation:
  world: LionHUB
  x: 747.0478095565899
  y: 8.094538515625832
  z: 3666.189843941994
  yaw: -25.75548
  pitch: 12.090125
lastAccountName: LittleDinosaur15
timestamps:
  login: 1518721137068
  lastteleport: 1518721440055
  logout: 1518721477578
  kits:
    starter: 1518721225792
ipAddress: 83.233.139.71
money: '0.0'
logoutlocation:
  world: MainLobby
  x: 0.6759892280708683
  y: 60.0
  z: 0.34689862804633875
  yaw: -87.963135
  pitch: 29.699997
