timestamps:
  lastteleport: 1499841721511
  login: 1499841711050
  logout: 1499841720959
lastlocation:
  world: LionHUB
  x: 93.5
  y: 45.0
  z: -62.5
  yaw: -25.08374
  pitch: 25.117157
socialspy: false
lastAccountName: FixItFelixJR
ipAddress: 36.74.246.41
logoutlocation:
  world: LionHUB
  x: 93.5
  y: 45.0
  z: -62.5
  yaw: -359.88382
  pitch: -20.032845
