lastlocation:
  world: LionHUB
  x: 746.4592455243042
  y: 10.0
  z: 3608.7898504515924
  yaw: -0.10546875
  pitch: -4.859901
lastAccountName: SerbanCraft
timestamps:
  login: 1521452193229
  logout: 1521452230673
ipAddress: 103.213.129.234
logoutlocation:
  world: LionHUB
  x: 746.3481327986298
  y: 10.0
  z: 3611.156991711321
  yaw: -58.542187
  pitch: 10.6304035
