lastlocation:
  world: LionHUB
  x: 942.0
  y: 38.0
  z: -415.0
  yaw: 0.0
  pitch: 0.0
lastAccountName: gayman25
timestamps:
  login: 1512236337206
  logout: 1512236550494
ipAddress: 86.22.248.222
logoutlocation:
  world: LionHUB
  x: 981.2398064135135
  y: 37.0
  z: -414.96179457530235
  yaw: 33.21782
  pitch: 1.0706198
