lastlocation:
  world: LionHUB
  x: 942.9847941585354
  y: 38.0
  z: -414.80756805231493
  yaw: -359.53693
  pitch: 4.701889
lastAccountName: Fri3d
timestamps:
  login: 1511592473463
  logout: 1511592531380
ipAddress: 104.190.166.209
logoutlocation:
  world: LionHUB
  x: 920.8599150403925
  y: 36.0
  z: -422.1063358279066
  yaw: 83.8632
  pitch: 16.101898
