lastAccountName: itzthemrsuga
timestamps:
  login: 1503702833271
  lastteleport: 1503702848642
  logout: 1503702955228
ipAddress: 186.15.79.69
socialspy: false
lastlocation:
  world: LionHUB
  x: 93.57039996945241
  y: 47.0
  z: -53.00626817857591
  yaw: -1.2632126
  pitch: 11.762165
logoutlocation:
  world: MainLobby
  x: 6.393848115790101
  y: 59.0
  z: -0.22870876023296893
  yaw: 95.812935
  pitch: 17.693249
