lastlocation:
  world: ValleysideUniversity
  x: 317.5
  y: 5.0
  z: 146.5
  yaw: 228.89998
  pitch: 16.65
socialspy: false
lastAccountName: jere
timestamps:
  login: 1506647477728
  lastteleport: 1506647573343
  logout: 1506647615834
ipAddress: 68.102.69.239
logoutlocation:
  world: Sg
  x: -98.67795854665975
  y: 5.0
  z: 47.80086729276552
  yaw: 184.46686
  pitch: 2.0157034
