lastlocation:
  world: LionHUB
  x: 93.50848809898889
  y: 45.0
  z: -62.54658081977909
  yaw: 1.2886657
  pitch: -1.4110628
lastAccountName: AxelTWC_
timestamps:
  login: 1506554369432
  logout: 1506554512731
ipAddress: 108.86.130.104
socialspy: false
logoutlocation:
  world: LionHUB
  x: 90.00065952313624
  y: 47.0
  z: -59.70025142560938
  yaw: 291.49506
  pitch: 45.619606
