lastlocation:
  world: LionHUB
  x: 943.0195191088159
  y: 38.0
  z: -414.25812266697704
  yaw: -0.47781372
  pitch: -3.5336792
lastAccountName: 1x1Clutch
timestamps:
  login: 1513780963301
  lastteleport: 1513692330189
  kits:
    diamond: 1512841916071
    starter: 1512411612983
  logout: 1513781122776
ipAddress: 193.77.64.221
money: '500.0'
logoutlocation:
  world: LionHUB
  x: 936.94917594134
  y: 37.0
  z: -377.85045894094077
  yaw: 182.22806
  pitch: -3.1536098
nickname: 1x1Clutch
