timestamps:
  lastteleport: 1499901702465
  login: 1499901682135
  logout: 1499901702189
lastlocation:
  world: LionHUB
  x: 93.35
  y: 45.0
  z: -62.35
  yaw: -359.88382
  pitch: -20.032845
lastAccountName: NBELBTbY0gFT6206
ipAddress: 97.74.230.213
socialspy: false
logoutlocation:
  world: LionHUB
  x: 93.5
  y: 45.0
  z: -62.5
  yaw: -359.88382
  pitch: -20.032845
