lastlocation:
  world: SkyBlock
  x: -7.1075183918625395
  y: 64.0
  z: 45.99326719625702
  yaw: 167.55153
  pitch: 21.885477
lastAccountName: herobrinejr99
timestamps:
  login: 1511637041284
  lastteleport: 1511637206910
  logout: 1511637405209
ipAddress: 105.104.117.58
money: '0.0'
logoutlocation:
  world: ASkyBlock
  x: 399.07971476803164
  y: 120.0
  z: -798.0752343805077
  yaw: 44.42741
  pitch: 20.100042
