lastAccountName: ProKingLikeABoss
timestamps:
  login: 1505066198475
  logout: 1505066529012
  lastteleport: 1505066491098
ipAddress: 24.211.76.13
socialspy: false
lastlocation:
  world: Sg
  x: -98.5095510323754
  y: 5.0
  z: 46.04877491079934
  yaw: -222.2932
  pitch: 28.333532
logoutlocation:
  world: Sg
  x: -99.5
  y: 5.0
  z: 44.5
  yaw: -174.44322
  pitch: 11.983534
