timestamps:
  lastteleport: 1499901639383
  login: 1499901635460
lastlocation:
  world: LionHUB
  x: 93.35
  y: 45.0
  z: -62.35
  yaw: -359.88382
  pitch: -20.032845
socialspy: false
lastAccountName: DJNIhJHhZb8KOIPv
ipAddress: 90.231.220.221
logoutlocation:
  world: LionHUB
  x: 93.5
  y: 45.0
  z: -62.5
  yaw: -359.88382
  pitch: -20.032845
