timestamps:
  lastteleport: 1499901651836
  login: 1499901646278
  logout: 1499901650935
lastlocation:
  world: LionHUB
  x: 93.35
  y: 45.0
  z: -62.35
  yaw: -359.88382
  pitch: -20.032845
lastAccountName: XGuT4glMWOJvEhCu
socialspy: false
ipAddress: 108.61.4.67
logoutlocation:
  world: LionHUB
  x: 93.5
  y: 45.0
  z: -62.5
  yaw: -359.88382
  pitch: -20.032845
