timestamps:
  lastteleport: 1499901671374
  login: 1499901666506
  logout: 1499901671077
lastlocation:
  world: LionHUB
  x: 93.35
  y: 45.0
  z: -62.35
  yaw: -359.88382
  pitch: -20.032845
lastAccountName: CdTJWLHHhWZ1WcfE
ipAddress: 186.177.17.131
socialspy: false
logoutlocation:
  world: LionHUB
  x: 93.5
  y: 45.0
  z: -62.5
  yaw: -359.88382
  pitch: -20.032845
