timestamps:
  lastteleport: 1499901703971
  login: 1499901703410
  logout: 1499901703862
lastlocation:
  world: LionHUB
  x: 93.5
  y: 45.0
  z: -62.5
  yaw: -359.88382
  pitch: -20.032845
socialspy: false
lastAccountName: wm4b90TnfMwnDYUp
ipAddress: 5.135.166.108
logoutlocation:
  world: LionHUB
  x: 93.5
  y: 45.0
  z: -62.5
  yaw: -359.88382
  pitch: -20.032845
