lastlocation:
  world: MainLobby
  x: 8.857371418225453
  y: 60.0
  z: 0.9132534927447424
  yaw: 249.62611
  pitch: 35.33817
lastAccountName: lakgav2
timestamps:
  login: 1506605165728
  lastteleport: 1506604967137
  logout: 1506605168451
ipAddress: 46.176.232.114
socialspy: false
logoutlocation:
  world: LionHUB
  x: 93.52014133062039
  y: 45.5
  z: -62.050492107077126
  yaw: 359.94168
  pitch: 3.6421301
