lastAccountName: Urgoneq
timestamps:
  login: 1502848927052
  logout: 1502849011957
ipAddress: 99.16.255.55
socialspy: false
logoutlocation:
  world: LionHUB
  x: 93.98948076818436
  y: 45.5
  z: -62.065495799268724
  yaw: 8.752628
  pitch: 2.5874891
