timestamps:
  lastteleport: 1500202132608
  login: 1500202128508
  logout: 1500202132456
lastlocation:
  world: LionHUB
  x: 93.5
  y: 45.0
  z: -62.5
  yaw: -16.700165
  pitch: -2.430704
lastAccountName: BuildComber66
ipAddress: 90.181.244.158
socialspy: false
logoutlocation:
  world: LionHUB
  x: 93.5
  y: 45.0
  z: -62.5
  yaw: -359.88382
  pitch: -20.032845
