lastlocation:
  world: LionHUB
  x: 942.9395244330399
  y: 38.0
  z: -414.9798036988763
  yaw: -4.153345
  pitch: 2.907533
lastAccountName: Tristqan
timestamps:
  login: 1508195934950
  lastteleport: 1508097063235
  logout: 1508195942838
ipAddress: 73.178.151.199
logoutlocation:
  world: LionHUB
  x: 944.6173719855634
  y: 37.0
  z: -409.9251153684944
  yaw: 136.08752
  pitch: 3.9552805
