lastlocation:
  world: skywars
  x: 102.5
  y: 150.0
  z: -129.5
  yaw: -2.2522888
  pitch: -12.645975
lastAccountName: SilentNinja03
timestamps:
  login: 1508057541968
  logout: 1508058699690
ipAddress: 138.217.237.86
logoutlocation:
  world: LionHUB
  x: 905.5002740458966
  y: 38.0
  z: -452.9803073744132
  yaw: 131.28423
  pitch: 11.44337
