lastAccountName: _MrGiggles
timestamps:
  login: 1501844309537
  lastteleport: 1501844325723
  logout: 1501845448021
ipAddress: 121.211.212.14
socialspy: false
lastlocation:
  world: LionHUB
  x: 94.79260898912516
  y: 46.5
  z: -61.21388690221695
  yaw: -2.2011156
  pitch: 10.120834
logoutlocation:
  world: MainLobby
  x: 0.738651801316609
  y: 60.0
  z: 0.4765052992511828
  yaw: 271.0621
  pitch: 0.46895152
