lastAccountName: captenpatatas58
timestamps:
  login: 1506698658261
  lastteleport: 1503998228264
  logout: 1506698742253
ipAddress: 79.129.123.181
socialspy: false
lastlocation:
  world: skywars
  x: 95.30000001192093
  y: 153.0
  z: -111.00369449606347
  yaw: -187.21898
  pitch: 52.234188
logoutlocation:
  world: LionHUB
  x: 94.41864289371327
  y: 47.0
  z: -48.33777057916742
  yaw: 311.93567
  pitch: 8.45955
