lastlocation:
  world: LionHUB
  x: 915.0052432844611
  y: 37.0
  z: -446.60684495679743
  yaw: -15.403331
  pitch: 9.6575365
lastAccountName: kazikeliz
timestamps:
  login: 1507924206241
  lastteleport: 1507924335736
  logout: 1507924342140
ipAddress: 188.69.214.212
logoutlocation:
  world: MainLobby
  x: -0.5
  y: 60.0
  z: 0.5
  yaw: -92.46353
  pitch: 5.3763547
