timestamps:
  lastteleport: 1499901677794
  login: 1499901644656
  logout: 1499901671077
lastlocation:
  world: LionHUB
  x: 93.5
  y: 45.0
  z: -62.5
  yaw: -359.88382
  pitch: -20.032845
socialspy: false
lastAccountName: KSUqSyxcAB9KNQpi
ipAddress: 81.142.146.60
logoutlocation:
  world: LionHUB
  x: 93.5
  y: 45.0
  z: -62.5
  yaw: -359.88382
  pitch: -20.032845
