lastlocation:
  world: lobby_practice
  x: 55.65463946723491
  y: 79.0
  z: -2090.462524238252
  yaw: -267.3975
  pitch: 8.913925
lastAccountName: xxplagammerx
timestamps:
  login: 1516633524009
  lastteleport: 1516633540792
  logout: 1516633904059
ipAddress: 88.69.3.87
money: '0.0'
logoutlocation:
  world: lobby_practice
  x: -25.390390450422395
  y: 79.52730688195243
  z: -2127.689976687496
  yaw: 291.30875
  pitch: 43.175682
