lastlocation:
  world: UhcMeetup
  x: 164.91853871957477
  y: 69.0
  z: 128.00625366584836
  yaw: 173.9397
  pitch: 8.797998
lastAccountName: luckdrengen
timestamps:
  login: 1517731798194
  lastteleport: 1517731853062
  logout: 1517732350563
ipAddress: 212.112.154.47
money: '0.0'
logoutlocation:
  world: MainLobby
  x: -0.5335005639400162
  y: 60.0
  z: 0.4691817266242615
  yaw: -90.53367
  pitch: -2.4322922
