lastAccountName: explodic7891
timestamps:
  login: 1505690845313
  lastteleport: 1505599084563
  logout: 1505690849213
ipAddress: 24.141.20.121
socialspy: false
lastlocation:
  world: LionHUB
  x: 93.49149220070059
  y: 46.0
  z: -56.337157564292696
  yaw: -8.006982
  pitch: -12.491742
logoutlocation:
  world: LionHUB
  x: 93.52344842291495
  y: 45.5
  z: -62.05053084213997
  yaw: 358.97342
  pitch: 11.407229
