lastlocation:
  world: LionHUB
  x: 943.2927697567726
  y: 38.0
  z: -363.09234226629405
  yaw: 11.206884
  pitch: 22.9833
lastAccountName: yaelcalvinYT
timestamps:
  login: 1510631435195
  lastteleport: 1510631519176
  logout: 1510631544835
ipAddress: 201.157.93.49
logoutlocation:
  world: MainLobby
  x: 17.95895782991783
  y: 57.0
  z: -0.9879859789653491
  yaw: -103.4137
  pitch: 40.701675
