timestamps:
  lastteleport: 1499901744832
  login: 1499901714985
  logout: 1499901744430
lastlocation:
  world: LionHUB
  x: 93.5
  y: 45.0
  z: -62.5
  yaw: -359.88382
  pitch: -20.032845
socialspy: false
lastAccountName: yohGalVj2fEVBPT1
ipAddress: 173.230.94.95
logoutlocation:
  world: LionHUB
  x: 93.5
  y: 45.0
  z: -62.5
  yaw: -359.88382
  pitch: -20.032845
