lastAccountName: ZedFTW
timestamps:
  login: 1504008935456
  lastteleport: 1504008962353
  logout: 1504009054915
ipAddress: 77.31.162.86
socialspy: false
lastlocation:
  world: LionHUB
  x: 91.73197715436164
  y: 46.0
  z: -67.70205996920333
  yaw: -195.29993
  pitch: 9.401053
logoutlocation:
  world: MainLobby
  x: 14.451789652814632
  y: 57.0
  z: 0.3681478507611187
  yaw: -264.0227
  pitch: 1.9021165
