lastlocation:
  world: LionHUB
  x: 942.0
  y: 38.0
  z: -415.0
  yaw: 0.0
  pitch: 0.0
lastAccountName: Tnowman2652
timestamps:
  login: 1514266857122
  logout: 1514266887688
ipAddress: 173.30.57.135
logoutlocation:
  world: LionHUB
  x: 949.0523721023541
  y: 37.5
  z: -424.86526122715173
  yaw: 0.0
  pitch: 0.0
