timestamps:
  lastteleport: 1499901633447
  login: 1499901630009
  logout: 1499901630608
lastlocation:
  world: LionHUB
  x: 93.35
  y: 45.0
  z: -62.35
  yaw: -359.88382
  pitch: -20.032845
lastAccountName: 0Psmtye4dfp09QJ5
ipAddress: 218.201.102.54
socialspy: false
logoutlocation:
  world: LionHUB
  x: 93.5
  y: 45.0
  z: -62.5
  yaw: -359.88382
  pitch: -20.032845
