lastlocation:
  world: SkyBlock
  x: 0.5030688197584823
  y: 65.0
  z: 1.4708569990502653
  yaw: -3.6506715
  pitch: 2.6008675
lastAccountName: GameStateYT
timestamps:
  login: 1510505574199
  lastteleport: 1510505639047
  logout: 1510505656806
ipAddress: 99.233.53.144
logoutlocation:
  world: ASkyBlock
  x: 800.6628580243922
  y: 120.0
  z: 402.3766330106649
  yaw: -184.34981
  pitch: 59.399952
