lastAccountName: iDontCombo_
timestamps:
  login: 1504992637743
  logout: 1504992665320
ipAddress: 86.0.117.7
socialspy: false
logoutlocation:
  world: LionHUB
  x: 94.75442572315953
  y: 47.5
  z: -47.85043259864595
  yaw: 46.33966
  pitch: -55.255226
