lastlocation:
  world: LionHUB
  x: 772.059143935149
  y: 5.0
  z: 3629.8364189770386
  yaw: 138.64445
  pitch: 60.15002
lastAccountName: Robobliz
timestamps:
  login: 1518233439350
  lastteleport: 1517771122284
  logout: 1518233478307
ipAddress: 76.180.122.161
money: '500.0'
logoutlocation:
  world: LionHUB
  x: 745.4888359281335
  y: 10.0
  z: 3608.233069382282
  yaw: 274.24445
  pitch: 19.440098
