lastlocation:
  world: lobby_practice
  x: 504.0748879923115
  y: 4.7531999805212015
  z: -3298.567189249826
  yaw: 357.66003
  pitch: 2.880498
lastAccountName: poter1
timestamps:
  login: 1514549592785
  lastteleport: 1514547684684
  logout: 1514549621248
ipAddress: 79.166.104.235
money: '0.0'
logoutlocation:
  world: lobby_practice
  x: 504.0748879923115
  y: 4.7531999805212015
  z: -3298.567189249826
  yaw: 354.00464
  pitch: 3.225346
