lastlocation:
  world: LionHUB
  x: 942.0
  y: 38.0
  z: -415.0
  yaw: 0.0
  pitch: 0.0
lastAccountName: OGJOEYY
timestamps:
  login: 1516438750928
  logout: 1516438768507
ipAddress: 212.83.187.125
logoutlocation:
  world: LionHUB
  x: 948.8238273894005
  y: 35.0
  z: -440.6459510515267
  yaw: -174.89998
  pitch: 32.84999
