timestamps:
  lastteleport: 1504153054488
  login: 1504153046114
  logout: 1504153132849
lastlocation:
  world: LionHUB
  x: 93.76820940837439
  y: 46.0
  z: -60.64975028408155
  yaw: -5.8459353
  pitch: 12.304855
socialspy: false
lastAccountName: robotmqn
ipAddress: 61.10.141.109
logoutlocation:
  world: LionHUB
  x: 91.02670036008855
  y: 4.5
  z: -331.2581079739121
  yaw: 41.77585
  pitch: 11.400338
