timestamps:
  lastteleport: 1498106746174
  login: 1498106719370
  logout: 1498106744770
lastlocation:
  world: LionHUB
  x: 30.5
  y: 67.0
  z: 15.5
  yaw: 90.11987
  pitch: -0.34908158
socialspy: false
lastAccountName: MohammaD_GaMeR_
ipAddress: 41.239.155.235
logoutlocation:
  world: LionHUB
  x: 30.5
  y: 67.0
  z: 15.5
  yaw: 90.11987
  pitch: -0.34908158
