lastAccountName: Zexblu
timestamps:
  login: 1506101568545
  lastteleport: 1506102410446
  logout: 1506102698597
ipAddress: 105.225.51.195
socialspy: false
lastlocation:
  world: LionHUB
  x: 93.57025019948196
  y: 46.0
  z: -59.09799903660733
  yaw: 358.4351
  pitch: 9.438963
logoutlocation:
  world: LionHUB
  x: 91.85202638460574
  y: 46.0
  z: -93.53939090988871
  yaw: 110.70306
  pitch: 21.115305
