timestamps:
  lastteleport: 1499723883404
  login: 1499723858270
  logout: 1499723881851
lastlocation:
  world: LionHUB
  x: 93.49933606757452
  y: 45.0
  z: -62.048993650743014
  yaw: -359.88382
  pitch: -20.647245
lastAccountName: wswdaw
socialspy: false
ipAddress: 37.77.55.111
logoutlocation:
  world: LionHUB
  x: 93.5
  y: 45.0
  z: -62.5
  yaw: -359.88382
  pitch: -20.032845
