lastlocation:
  world: Factions
  x: 122.58042475068942
  y: 70.0625
  z: -314.7245658763206
  yaw: -175.47168
  pitch: 0.9616117
lastAccountName: Palaiologos
timestamps:
  login: 1512531819678
  lastteleport: 1512531857851
  logout: 1512531877352
ipAddress: 72.178.218.82
money: '500.0'
logoutlocation:
  world: LionHUB
  x: 946.0634127053261
  y: 37.0
  z: -420.1973905903102
  yaw: -129.01254
  pitch: 3.4717689
