lastlocation:
  world: LionHUB
  x: 746.4592455243042
  y: 10.0
  z: 3608.7898504515924
  yaw: -0.10546875
  pitch: -4.859901
lastAccountName: IvNet
timestamps:
  login: 1518146412567
  logout: 1518146657633
ipAddress: 68.230.2.43
logoutlocation:
  world: LionHUB
  x: 706.2168306547404
  y: 5.0
  z: 3604.091481952184
  yaw: 87.04444
  pitch: 6.690106
