timestamps:
  lastteleport: 1499901639335
  login: 1499901635482
lastlocation:
  world: LionHUB
  x: 93.35
  y: 45.0
  z: -62.35
  yaw: -359.88382
  pitch: -20.032845
lastAccountName: J5mFpnfuEZBkKfOK
ipAddress: 155.4.101.51
socialspy: false
logoutlocation:
  world: LionHUB
  x: 93.5
  y: 45.0
  z: -62.5
  yaw: -359.88382
  pitch: -20.032845
