lastlocation:
  world: SkyBlock
  x: 0.608531779819597
  y: 65.0
  z: 0.61430467977992
  yaw: 2.8719893
  pitch: 52.461395
lastAccountName: Reckster4
timestamps:
  login: 1511084126445
  lastteleport: 1511084228176
  logout: 1511084273109
ipAddress: 92.239.122.241
money: '116'
logoutlocation:
  world: SkyBlock
  x: -36.96040411274535
  y: -10.666791556335427
  z: 5.062162716104106
  yaw: -127.45906
  pitch: 45.77377
