lastAccountName: ADAMBMX
timestamps:
  login: 1508095029178
  lastteleport: 1506284045075
  logout: 1508095299242
ipAddress: 66.225.251.96
socialspy: false
lastlocation:
  world: LionHUB
  x: 942.9395244330399
  y: 38.0
  z: -414.9798036988763
  yaw: -4.153345
  pitch: 2.907533
nickname: lgd420
money: '64186.0'
logoutlocation:
  world: LionHUB
  x: 902.5344924328805
  y: 37.0
  z: -422.0204694778134
  yaw: -58.322807
  pitch: 17.516136
