timestamps:
  lastteleport: 1499901661496
  login: 1499901629116
  logout: 1499901660995
lastlocation:
  world: LionHUB
  x: 93.5
  y: 45.0
  z: -62.5
  yaw: -359.88382
  pitch: -20.032845
socialspy: false
lastAccountName: sohiCc5oU4f06MDa
ipAddress: 149.202.38.124
logoutlocation:
  world: LionHUB
  x: 93.5
  y: 45.0
  z: -62.5
  yaw: -359.88382
  pitch: -20.032845
