lastAccountName: Fazzy_256
socialspy: false
timestamps:
  login: 1505498405785
  logout: 1505498426543
ipAddress: 2.51.203.248
logoutlocation:
  world: LionHUB
  x: 93.68397348920438
  y: 47.0
  z: -49.5704098106704
  yaw: 3.541504
  pitch: 14.514679
