lastlocation:
  world: LionHUB
  x: 748.9906170500586
  y: 5.919999986886978
  z: 3570.5418199179485
  yaw: 334.8903
  pitch: 20.440659
lastAccountName: ImUnstoppable
timestamps:
  login: 1517585253545
  logout: 1517585485949
ipAddress: 85.164.125.93
money: '0.0'
logoutlocation:
  world: MainLobby
  x: 6.238105596758455
  y: 61.24918707874468
  z: -9.581358889877158
  yaw: 200.58325
  pitch: 19.588951
