lastlocation:
  world: LionHUB
  x: 942.0
  y: 38.0
  z: -415.0
  yaw: 0.3
  pitch: -0.45
lastAccountName: ekinbebo
timestamps:
  login: 1516886634110
  logout: 1516886637056
ipAddress: 176.42.5.37
logoutlocation:
  world: LionHUB
  x: 943.0195191088159
  y: 38.0
  z: -414.25812266697704
  yaw: -0.17781371
  pitch: -4.2836795
