lastlocation:
  world: LionHUB
  x: 943.0195191088159
  y: 38.0
  z: -414.25812266697704
  yaw: -0.47781372
  pitch: -3.5336792
lastAccountName: prokillerassasin
timestamps:
  login: 1516646585365
  logout: 1516646596799
ipAddress: 79.167.57.118
logoutlocation:
  world: LionHUB
  x: 943.0195191088159
  y: 38.36450241448403
  z: -414.25812266697704
  yaw: -2.249412
  pitch: 7.418022
