lastlocation:
  world: skywars
  x: 102.5
  y: 150.0
  z: -129.5
  yaw: -2.2522888
  pitch: -12.645975
lastAccountName: OfficialSpiceY
timestamps:
  login: 1507987441180
  lastteleport: 1507987460634
  logout: 1507987507888
ipAddress: 95.143.204.103
logoutlocation:
  world: LionHUB
  x: 942.3126725777395
  y: 37.0
  z: -406.0969278080361
  yaw: 5.598957
  pitch: 7.655406
