socialspy: false
lastAccountName: GRgamekingYT
timestamps:
  login: 1504725092233
  lastteleport: 1504725000500
  logout: 1504725098836
ipAddress: 87.203.202.191
lastlocation:
  world: LionHUB
  x: 93.51999108110613
  y: 45.0
  z: -62.30000001192093
  yaw: -2.385566
  pitch: 9.943178
logoutlocation:
  world: LionHUB
  x: 93.51999108110613
  y: 45.0
  z: -62.30000001192093
  yaw: -2.346864
  pitch: 10.446302
