lastlocation:
  world: LionHUB
  x: 943.0195191088159
  y: 38.0
  z: -414.25812266697704
  yaw: 359.5222
  pitch: -3.5336792
socialspy: false
lastAccountName: gabriel_godoi
timestamps:
  login: 1510184840816
  logout: 1510184925175
ipAddress: 177.75.212.216
logoutlocation:
  world: LionHUB
  x: 938.2048625599099
  y: 37.0
  z: -411.930036220223
  yaw: 96.57207
  pitch: -0.9836787
