lastlocation:
  world: MainLobby
  x: 3.0146252020101896
  y: 60.0
  z: 0.5015866334464074
  yaw: -87.682236
  pitch: 6.8600225
lastAccountName: macboys10
timestamps:
  login: 1510880721468
  lastteleport: 1510880730085
  logout: 1510880854633
ipAddress: 162.218.165.140
logoutlocation:
  world: MainLobby
  x: 9.47841549367832
  y: 60.0
  z: 0.36049115540083954
  yaw: -107.84426
  pitch: -5.247822
