lastAccountName: MullgamingYT
timestamps:
  login: 1506090772047
  lastteleport: 1506090626279
  logout: 1506090867360
ipAddress: 37.4.254.227
socialspy: false
lastlocation:
  world: LionHUB
  x: 93.1040584676047
  y: 48.24918707874468
  z: -47.9148357017212
  yaw: 352.28726
  pitch: -4.587848
logoutlocation:
  world: LionHUB
  x: 92.51504815997184
  y: 46.0
  z: -64.66146567556288
  yaw: 186.3872
  pitch: 21.962156
