timestamps:
  lastteleport: 1500147762710
  login: 1500147725909
  logout: 1500147762459
lastlocation:
  world: LionHUB
  x: 88.33373144957255
  y: 48.128067263496696
  z: -69.74871271111556
  yaw: -229.42023
  pitch: 36.3087
lastAccountName: Black_eagleFna
ipAddress: 178.142.56.104
socialspy: false
logoutlocation:
  world: LionHUB
  x: 93.5
  y: 45.0
  z: -62.5
  yaw: -359.88382
  pitch: -20.032845
