timestamps:
  lastteleport: 1499901681515
  login: 1499901669518
  logout: 1499901680566
lastlocation:
  world: LionHUB
  x: 93.35
  y: 45.0
  z: -62.35
  yaw: -359.88382
  pitch: -20.032845
socialspy: false
lastAccountName: OPlc6rsGkkkgmj5F
ipAddress: 173.230.94.95
logoutlocation:
  world: LionHUB
  x: 93.5
  y: 45.0
  z: -62.5
  yaw: -359.88382
  pitch: -20.032845
