lastlocation:
  world: LionHUB
  x: 942.9395244330399
  y: 38.0
  z: -414.9798036988763
  yaw: -4.153345
  pitch: 2.907533
lastAccountName: ToamOfMc
timestamps:
  login: 1508562734178
  logout: 1508562765670
  lastteleport: 1508561742384
ipAddress: 1.52.39.132
logoutlocation:
  world: LionHUB
  x: 942.9302512309978
  y: 38.0
  z: -413.724750598903
  yaw: 355.84665
  pitch: 2.907533
