lastAccountName: CJAlnadabi0
timestamps:
  login: 1505629077943
  lastteleport: 1501758014732
  logout: 1505629085608
ipAddress: 180.248.96.230
socialspy: false
lastlocation:
  world: LionHUB
  x: 93.51999108110613
  y: 45.0
  z: -62.30000001192093
  yaw: -1.2632126
  pitch: 11.762165
logoutlocation:
  world: LionHUB
  x: 93.50848809898889
  y: 45.0
  z: -62.54658081977909
  yaw: -0.061334822
  pitch: -4.7110634
