lastlocation:
  world: LionHUB
  x: 942.5695273354432
  y: 38.0
  z: -362.97740277307656
  yaw: 5.6434183
  pitch: 10.457872
lastAccountName: SunWhite3
timestamps:
  login: 1516213038550
  logout: 1516216076016
  lastteleport: 1516216006768
ipAddress: 37.6.81.110
money: '0.0'
logoutlocation:
  world: MainLobby
  x: 4.807154655163776
  y: 60.5
  z: 1.9385885037570314
  yaw: -65.33392
  pitch: 1.2269523
