timestamps:
  lastteleport: 1499901680919
  login: 1499901676645
  logout: 1499901680566
lastlocation:
  world: LionHUB
  x: 93.5
  y: 45.0
  z: -62.5
  yaw: -359.88382
  pitch: -20.032845
lastAccountName: fsHytSWpaj2u2Kps
ipAddress: 118.173.78.101
socialspy: false
logoutlocation:
  world: LionHUB
  x: 93.5
  y: 45.0
  z: -62.5
  yaw: -359.88382
  pitch: -20.032845
