lastlocation:
  world: LionHUB
  x: 747.2114220012273
  y: 8.0
  z: 3669.8671973319865
  yaw: -8.955414
  pitch: 9.540053
lastAccountName: WazexD
timestamps:
  login: 1519831978072
  lastteleport: 1519832041137
  logout: 1519832089191
ipAddress: 86.60.194.12
money: '0.0'
logoutlocation:
  world: MainLobby
  x: 15.95605205442802
  y: 57.0
  z: -4.775381105384148
  yaw: -278.9137
  pitch: 15.276323
