lastlocation:
  world: LionHUB
  x: 942.9847941585354
  y: 38.0
  z: -414.80756805231493
  yaw: -359.53693
  pitch: 4.701889
lastAccountName: MrAnmiter2005
timestamps:
  login: 1507902682820
  logout: 1507902733736
ipAddress: 217.164.23.15
logoutlocation:
  world: LionHUB
  x: 941.9028981315665
  y: 38.0
  z: -414.3645528065033
  yaw: 355.84665
  pitch: 2.907533
