lastlocation:
  world: LionHUB
  x: 943.0195191088159
  y: 38.0
  z: -414.25812266697704
  yaw: 359.5222
  pitch: -3.5336792
lastAccountName: dn83bnfpo45
timestamps:
  login: 1512348301791
  lastteleport: 1512336441235
  logout: 1512348295968
ipAddress: 88.202.231.7
money: '500.0'
logoutlocation:
  world: LionHUB
  x: 943.0195191088159
  y: 38.0
  z: -414.25812266697704
  yaw: 359.5222
  pitch: -3.5336792
