lastlocation:
  world: LionHUB
  x: 942.0
  y: 38.0
  z: -415.0
  yaw: 0.0
  pitch: 0.0
lastAccountName: BaileyMcCowan
timestamps:
  login: 1513819141384
  logout: 1513819236011
ipAddress: 108.206.162.230
logoutlocation:
  world: LionHUB
  x: 910.4850838428381
  y: 37.5
  z: -445.6895046324193
  yaw: 36.29988
  pitch: 26.550001
