lastlocation:
  world: HCF
  x: -2.5853283169061543
  y: 70.0
  z: 15.143279179209708
  yaw: 1.6966825
  pitch: 2.967908
lastAccountName: c0sm1c_
timestamps:
  login: 1518030007520
  lastteleport: 1518030069285
  kits:
    starter: 1518030071323
  logout: 1518030121876
ipAddress: 108.52.207.244
money: '500.0'
logoutlocation:
  world: LionHUB
  x: 746.4878957451297
  y: 10.0
  z: 3615.0573056853054
  yaw: -0.7861892
  pitch: -2.7610135
