lastAccountName: xdinko64x
timestamps:
  login: 1505603608907
  logout: 1505603721223
socialspy: false
ipAddress: 78.1.35.28
logoutlocation:
  world: FFA
  x: 13.0
  y: 11.0
  z: -149.0
  yaw: 146.46962
  pitch: 7.484428
