lastlocation:
  world: map
  x: -988.9535976494724
  y: 13.0
  z: 281.96311467521593
  yaw: 201.44394
  pitch: 40.01298
lastAccountName: Kampfzwerg2k16
timestamps:
  login: 1518790106997
  lastteleport: 1518790432678
  logout: 1518790538659
ipAddress: 83.233.139.71
money: '500.0'
logoutlocation:
  world: LionHUB
  x: 767.8221985812146
  y: 5.0
  z: 3634.275510216306
  yaw: -294.85535
  pitch: 18.75001
