lastlocation:
  world: LionHUB
  x: 744.9791594693008
  y: 5.0
  z: 3631.300000011921
  yaw: 208.69461
  pitch: 1.1401008
lastAccountName: xLeftTwix
timestamps:
  login: 1521414859299
  lastteleport: 1511724397931
  logout: 1521414905391
  jail: 0
ipAddress: 71.167.17.125
afk: false
logoutlocation:
  world: LionHUB
  x: 746.4592455243042
  y: 10.0
  z: 3608.7898504515924
  yaw: -0.10546875
  pitch: -4.859901
money: '0.0'
jailed: false
nickname: §1P§2r§3i§4n§5c§6e
