lastlocation:
  world: LionHUB
  x: 1393.9516562927824
  y: 7.0
  z: -387.5477791232734
  yaw: 9.196655
  pitch: 24.000013
