lastlocation:
  world: lobby_practice
  x: 585.021586669998
  y: 29.1707870772188
  z: -470.034912180254
  yaw: -12.999772
  pitch: 24.949987
lastAccountName: nickyolopls
timestamps:
  login: 1517332542209
  lastteleport: 1517332565285
  logout: 1517332908331
ipAddress: 188.164.201.133
money: '0.0'
logoutlocation:
  world: MainLobby
  x: -0.4918036429490723
  y: 60.0
  z: 2.163717342919866
  yaw: -80.14996
  pitch: 25.55
