lastAccountName: rrezart
timestamps:
  login: 1503358832432
  logout: 1503358854985
ipAddress: 46.217.42.213
socialspy: false
logoutlocation:
  world: LionHUB
  x: 92.61050175547051
  y: 46.0
  z: -59.21564117570372
  yaw: 16.569592
  pitch: -7.149749
