lastlocation:
  world: LionHUB
  x: 943.0195191088159
  y: 38.0
  z: -414.25812266697704
  yaw: -0.47781372
  pitch: -3.5336792
lastAccountName: TheEvilAdmin
timestamps:
  login: 1516550155664
  lastteleport: 1516549636226
  logout: 1516550367946
  kits:
    starter: 1516548441805
ipAddress: 90.198.96.188
money: '500.0'
logoutlocation:
  world: LionHUB
  x: 943.0195191088159
  y: 38.0
  z: -414.25812266697704
  yaw: -10.527818
  pitch: 12.96632
