lastAccountName: Amine109
timestamps:
  login: 1501603229401
  lastteleport: 1501603274211
  logout: 1501603364689
ipAddress: 41.230.47.97
socialspy: false
lastlocation:
  world: LionHUB
  x: 93.50848809898889
  y: 45.0
  z: -62.54658081977909
  yaw: 273.98865
  pitch: 39.08894
logoutlocation:
  world: MainLobby
  x: 16.743669018233515
  y: 57.0
  z: -9.86002405418381
  yaw: 14.269104
  pitch: 8.849994
