lastAccountName: Arksdsd
timestamps:
  login: 1501904893238
  logout: 1501904927819
ipAddress: 36.82.206.2
socialspy: false
logoutlocation:
  world: LionHUB
  x: 93.50189291861898
  y: 45.0
  z: -62.11645774302995
  yaw: 2.188666
  pitch: 1.5889373
