timestamps:
  lastteleport: 1499901683026
  login: 1499901679242
  logout: 1499901682902
lastlocation:
  world: LionHUB
  x: 49.23790120048649
  y: 4.0
  z: -91.5082848756997
  yaw: 92.28638
  pitch: 74.49833
socialspy: false
lastAccountName: R4ll7VE0NWHBWMRs
ipAddress: 180.183.144.71
logoutlocation:
  world: LionHUB
  x: 93.5
  y: 45.0
  z: -62.5
  yaw: -359.88382
  pitch: -20.032845
