lastAccountName: Coleaf123
timestamps:
  login: 1506169371479
  logout: 1506169476145
ipAddress: 96.231.139.251
socialspy: false
logoutlocation:
  world: LionHUB
  x: 93.54064734047776
  y: 45.0
  z: -62.30000001192093
  yaw: 10.955774
  pitch: 12.461015
