lastlocation:
  world: LionHUB
  x: 93.51999108110613
  y: 45.0
  z: -62.30000001192093
  yaw: -1.2632126
  pitch: 11.762165
lastAccountName: THE_EAGLE123
timestamps:
  login: 1506536507936
  logout: 1506536531191
ipAddress: 176.232.90.17
socialspy: false
logoutlocation:
  world: LionHUB
  x: 93.50848809898889
  y: 45.0
  z: -62.54658081977909
  yaw: 3.812425
  pitch: 3.4787202
