timestamps:
  lastteleport: 1499901723497
  login: 1499901721326
  logout: 1499901721847
lastlocation:
  world: LionHUB
  x: 93.5
  y: 45.0
  z: -62.5
  yaw: -359.88382
  pitch: -20.032845
socialspy: false
lastAccountName: VqiQkr8W2BmoQ3nq
ipAddress: 50.63.167.47
logoutlocation:
  world: LionHUB
  x: 93.5
  y: 45.0
  z: -62.5
  yaw: -359.88382
  pitch: -20.032845
