timestamps:
  lastteleport: 1499264328417
  login: 1499264315755
  logout: 1499264328256
lastlocation:
  world: LionHUB
  x: 93.5
  y: 45.0
  z: -62.5
  yaw: -152.56593
  pitch: -19.649986
lastAccountName: sdsd
ipAddress: 36.74.246.41
socialspy: false
logoutlocation:
  world: LionHUB
  x: 93.5
  y: 45.0
  z: -62.5
  yaw: -179.4159
  pitch: 90.0
