lastAccountName: GRANDX
timestamps:
  login: 1503583131632
  logout: 1503583191244
ipAddress: 213.147.102.164
socialspy: false
logoutlocation:
  world: LionHUB
  x: 93.52429393482453
  y: 45.0
  z: -62.0505526946338
  yaw: 9.086788
  pitch: 22.562164
