socialspy: false
lastAccountName: Ablazarian
timestamps:
  login: 1503814097796
  lastteleport: 1503814058891
  logout: 1503814231522
ipAddress: 61.94.225.170
lastlocation:
  world: LionHUB
  x: 93.42359268532678
  y: 46.0
  z: -67.4186261371085
  yaw: 183.71867
  pitch: 12.444149
logoutlocation:
  world: LionHUB
  x: 97.30321794160103
  y: 46.0
  z: -66.42346688580052
  yaw: 113.99725
  pitch: 0.9151308
