lastlocation:
  world: LionHUB
  x: 942.0
  y: 38.0
  z: -415.0
  yaw: 86.85
  pitch: -29.4
lastAccountName: Hellman425
timestamps:
  login: 1514761871654
  logout: 1514761967568
ipAddress: 77.98.217.200
logoutlocation:
  world: LionHUB
  x: 943.0745505362053
  y: 38.0
  z: -414.01476533461334
  yaw: 11.522184
  pitch: 26.916317
