lastlocation:
  world: LionHUB
  x: 93.51999108110613
  y: 45.0
  z: -62.30000001192093
  yaw: 358.7368
  pitch: 11.762165
lastAccountName: PugsPugs
timestamps:
  login: 1506536529660
  logout: 1506537159477
ipAddress: 176.43.158.165
socialspy: false
logoutlocation:
  world: LionHUB
  x: 96.81433505996925
  y: 46.5
  z: -63.02493598367837
  yaw: 2.7867432
  pitch: -83.33783
