lastlocation:
  world: LionHUB
  x: 746.4592455243042
  y: 10.0
  z: 3608.7898504515924
  yaw: -0.10546875
  pitch: -4.859901
lastAccountName: TJMarty
timestamps:
  login: 1518718582590
  logout: 1518718626006
ipAddress: 190.6.237.81
logoutlocation:
  world: LionHUB
  x: 743.495756880799
  y: 11.0
  z: 3600.27640072
  yaw: 17.713287
  pitch: 18.523033
