lastAccountName: Ahmed1_
timestamps:
  login: 1502729315290
  logout: 1502729655767
ipAddress: 79.228.200.227
socialspy: false
logoutlocation:
  world: FFA
  x: 1.0
  y: 13.0
  z: 0.0
  yaw: 217.17921
  pitch: 53.455837
