lastlocation:
  world: SkyBlock
  x: 0.608531779819597
  y: 65.0
  z: 0.61430467977992
  yaw: 2.8719893
  pitch: 52.461395
lastAccountName: elpapro777888
socialspy: false
timestamps:
  login: 1507049256381
  lastteleport: 1507049319910
  logout: 1507049476759
ipAddress: 181.208.67.34
logoutlocation:
  world: SkyBlock
  x: -10.202638479724904
  y: 65.5
  z: 52.11757611352905
  yaw: 140.31276
  pitch: 18.917763
