lastAccountName: ITZ_BARAA_XD
timestamps:
  login: 1503853042505
  logout: 1503853583113
  lastteleport: 1503853139573
ipAddress: 73.210.196.205
socialspy: false
logoutlocation:
  world: MainLobby
  x: 39.76341141843646
  y: 59.0
  z: 0.013382858012451482
  yaw: -261.48816
  pitch: 23.100023
lastlocation:
  world: LionHUB
  x: 93.03653176167671
  y: 47.0
  z: -48.56872892593989
  yaw: 356.18845
  pitch: -14.16104
