lastlocation:
  world: LionHUB
  x: 943.0644037800563
  y: 38.0
  z: -414.69615849648756
  yaw: -1.7533569
  pitch: 1.7075297
lastAccountName: BlockDiculos
timestamps:
  login: 1507651973990
  logout: 1507652049265
ipAddress: 90.216.78.245
logoutlocation:
  world: LionHUB
  x: 942.9847941585354
  y: 38.0
  z: -414.80756805231493
  yaw: -0.13693237
  pitch: 22.401892
