timestamps:
  lastteleport: 1499901634634
  login: 1499901631160
lastlocation:
  world: LionHUB
  x: 93.35
  y: 45.0
  z: -62.35
  yaw: -359.88382
  pitch: -20.032845
lastAccountName: iPEU0H5FWTpLEZVn
ipAddress: 94.177.197.139
socialspy: false
logoutlocation:
  world: LionHUB
  x: 93.5
  y: 45.0
  z: -62.5
  yaw: -359.88382
  pitch: -20.032845
