lastAccountName: kylepow
timestamps:
  login: 1504191324510
  lastteleport: 1504191691782
  logout: 1504191888006
ipAddress: 70.29.112.213
socialspy: false
lastlocation:
  world: SkyBlock
  x: 130.85091009593677
  y: 66.0
  z: 22.07499998807907
  yaw: -100.348404
  pitch: 24.885456
logoutlocation:
  world: SkyBlock
  x: 1.28150329309717
  y: 64.5
  z: 28.04300201460655
  yaw: -170.45053
  pitch: 15.350863
