lastlocation:
  world: LionHUB
  x: 943.0195191088159
  y: 38.0
  z: -414.25812266697704
  yaw: -0.47781372
  pitch: -3.5336792
lastAccountName: Captian_Awesome
timestamps:
  login: 1511114795142
  logout: 1511114811189
ipAddress: 98.118.255.105
logoutlocation:
  world: LionHUB
  x: 943.0195191088159
  y: 38.0
  z: -414.25812266697704
  yaw: 39.319313
  pitch: -49.2621
