lastlocation:
  world: LionHUB
  x: 934.3000000119209
  y: 37.0
  z: -406.30000001192093
  yaw: -152.73196
  pitch: 0.0
