lastlocation:
  world: lobby_practice
  x: 612.6999999880791
  y: 35.0
  z: -268.30000001192093
  yaw: -219.65002
  pitch: 9.75
lastAccountName: bananas_banaan
socialspy: false
timestamps:
  login: 1506518312324
  logout: 1506518570419
  lastteleport: 1506518340121
ipAddress: 80.114.76.133
logoutlocation:
  world: lobby_practice
  x: 596.2881364794979
  y: 35.0
  z: -288.6443984659331
  yaw: 293.20056
  pitch: 12.0000725
