timestamps:
  lastteleport: 1499376780226
  login: 1499376749872
  logout: 1499376779324
lastlocation:
  world: LionHUB
  x: 93.5
  y: 45.0
  z: -62.5
  yaw: -182.11589
  pitch: 9.600001
lastAccountName: xStealthx
socialspy: false
ipAddress: 76.216.126.101
logoutlocation:
  world: LionHUB
  x: 93.5
  y: 45.0
  z: -62.5
  yaw: -179.4159
  pitch: 90.0
