lastlocation:
  world: LionHUB
  x: 942.0
  y: 38.0
  z: -415.0
  yaw: 0.0
  pitch: 0.0
lastAccountName: PoopOnYourBum
timestamps:
  login: 1512683609438
  logout: 1512683634877
ipAddress: 90.206.228.220
logoutlocation:
  world: LionHUB
  x: 943.0195191088159
  y: 38.0
  z: -414.0086146862565
  yaw: 0.0
  pitch: 0.0
