lastAccountName: Zero_Aardappel
timestamps:
  login: 1504023755367
  lastteleport: 1504023769455
  logout: 1504023945480
ipAddress: 213.93.114.171
socialspy: false
lastlocation:
  world: LionHUB
  x: 96.55341826969698
  y: 47.0
  z: -61.070744994477145
  yaw: 24.388672
  pitch: 18.388933
logoutlocation:
  world: MainLobby
  x: 0.42207402305102343
  y: 61.666109260938214
  z: 26.012559553616203
  yaw: 284.3502
  pitch: 40.99999
