timestamps:
  lastteleport: 1499901725749
  login: 1499901722625
  logout: 1499901724405
lastlocation:
  world: LionHUB
  x: 93.5
  y: 45.0
  z: -62.5
  yaw: -359.88382
  pitch: -20.032845
lastAccountName: p6KMWbg9YBsQdglw
ipAddress: 94.177.216.66
socialspy: false
logoutlocation:
  world: LionHUB
  x: 93.5
  y: 45.0
  z: -62.5
  yaw: -359.88382
  pitch: -20.032845
