socialspy: false
lastAccountName: T3chnicaL_1SSu3
timestamps:
  login: 1503080047518
  lastteleport: 1503080058679
  logout: 1503080063455
ipAddress: 99.199.87.129
lastlocation:
  world: LionHUB
  x: 93.66631540328275
  y: 47.5
  z: -46.88587499628818
  yaw: 2.7877507
  pitch: 0.3378663
logoutlocation:
  world: MainLobby
  x: 12.040993218024157
  y: 58.0
  z: 2.4755779179838044
  yaw: 84.35538
  pitch: 20.590174
