lastAccountName: Unhapinnes
socialspy: false
timestamps:
  login: 1501824204669
  logout: 1501824247780
ipAddress: 36.82.206.2
logoutlocation:
  world: LionHUB
  x: 93.50848809898889
  y: 45.0
  z: -62.54658081977909
  yaw: -1.111334
  pitch: 11.488936
