lastlocation:
  world: parkour
  x: 295.44841587231844
  y: 4.0
  z: 130.7790007862078
  yaw: -5.673802
  pitch: 8.399985
lastAccountName: R3ktmateX
timestamps:
  login: 1515514424918
  lastteleport: 1515514453711
  logout: 1515516093904
ipAddress: 217.113.52.236
money: '0.0'
logoutlocation:
  world: parkour
  x: -3227.828470175423
  y: 4.0
  z: 898.1398221830042
  yaw: 81.975204
  pitch: 12.299989
