lastlocation:
  world: LionHUB
  x: 943.0195191088159
  y: 38.0
  z: -414.25812266697704
  yaw: -0.47781372
  pitch: -3.5336792
lastAccountName: xxxREGISxxx
timestamps:
  login: 1517127408445
  logout: 1517127435070
ipAddress: 122.201.31.231
logoutlocation:
  world: LionHUB
  x: 945.0752497305356
  y: 37.0
  z: -413.3963118001089
  yaw: -41.368656
  pitch: -9.08676
