lastlocation:
  world: LionHUB
  x: 943.8588458332138
  y: 37.0
  z: -376.59234713054474
  yaw: -0.4375518
  pitch: 5.163256
lastAccountName: ballinlikecurry
timestamps:
  login: 1513300576744
  lastteleport: 1513300589441
  logout: 1513300641594
ipAddress: 206.45.224.168
logoutlocation:
  world: MainLobby
  x: 33.31710602182798
  y: 57.0
  z: -0.891314997180245
  yaw: 250.7572
  pitch: 32.62531
money: '500.0'
