lastlocation:
  world: lobby_practice
  x: 545.4887043214964
  y: 7.0
  z: -3268.6429219136544
  yaw: -268.0
  pitch: 6.0
lastAccountName: FinLaggy
timestamps:
  login: 1520861779411
  lastteleport: 1520861806611
  logout: 1520861947228
ipAddress: 91.152.126.6
money: '0.0'
logoutlocation:
  world: lobby_practice
  x: 539.0734319475398
  y: 4.0
  z: -3267.997378257871
  yaw: -232.70071
  pitch: 5.7998157
