lastAccountName: baluka124
socialspy: false
timestamps:
  login: 1503473115079
  lastteleport: 1503473140007
  logout: 1503473193476
ipAddress: 145.236.123.131
lastlocation:
  world: LionHUB
  x: 93.79154037531897
  y: 47.0
  z: -47.398582383177924
  yaw: 10.32437
  pitch: 2.0308347
logoutlocation:
  world: lobby_practice
  x: 606.3626530200933
  y: 35.0
  z: -271.2657579934429
  yaw: -43.726883
  pitch: 0.7593665
