lastlocation:
  world: LionHUB
  x: 746.4592455243042
  y: 10.0
  z: 3608.7898504515924
  yaw: -0.10546875
  pitch: -4.859901
lastAccountName: ooAlpha
timestamps:
  login: 1521046956864
  logout: 1521046964986
ipAddress: 78.67.83.62
logoutlocation:
  world: LionHUB
  x: 746.4592455243042
  y: 10.0
  z: 3608.7898504515924
  yaw: -0.39987043
  pitch: -6.111108
