timestamps:
  lastteleport: 1499901640103
  login: 1499901636792
lastlocation:
  world: LionHUB
  x: 93.5
  y: 45.0
  z: -62.5
  yaw: -359.88382
  pitch: -20.032845
socialspy: false
lastAccountName: dSD0u4CpLkbLxq8x
ipAddress: 76.10.35.236
logoutlocation:
  world: LionHUB
  x: 93.5
  y: 45.0
  z: -62.5
  yaw: -359.88382
  pitch: -20.032845
