socialspy: false
lastAccountName: thelegennd
timestamps:
  login: 1502450190955
  logout: 1502450233111
ipAddress: 31.166.72.242
logoutlocation:
  world: FFA
  x: 1.0
  y: 13.0
  z: 0.0
  yaw: 110.378075
  pitch: -7.6668453
