socialspy: false
lastAccountName: RvstHanz
timestamps:
  login: 1505278206645
  logout: 1505278217845
ipAddress: 180.248.93.168
logoutlocation:
  world: LionHUB
  x: 93.50848809898889
  y: 45.0
  z: -62.54658081977909
  yaw: 1.4386656
  pitch: -0.66106284
