lastlocation:
  world: LionHUB
  x: 942.9847941585354
  y: 38.0
  z: -414.80756805231493
  yaw: -359.53693
  pitch: 4.701889
lastAccountName: KroksaN
timestamps:
  login: 1510688530014
  logout: 1510688534778
ipAddress: 178.221.49.85
logoutlocation:
  world: LionHUB
  x: 943.0195191088159
  y: 38.0
  z: -414.25812266697704
  yaw: -14.772236
  pitch: 28.106829
