timestamps:
  lastteleport: 1499901642698
  login: 1499901638352
lastlocation:
  world: LionHUB
  x: 93.35
  y: 45.0
  z: -62.35
  yaw: -359.88382
  pitch: -20.032845
socialspy: false
lastAccountName: rO8LgrfHVWMmQhB2
ipAddress: 31.208.178.54
logoutlocation:
  world: LionHUB
  x: 93.5
  y: 45.0
  z: -62.5
  yaw: -359.88382
  pitch: -20.032845
