lastlocation:
  world: LionHUB
  x: 942.0
  y: 38.0
  z: -415.0
  yaw: 0.0
  pitch: 0.0
lastAccountName: progamergr2018
timestamps:
  login: 1514633686477
  logout: 1514633724890
ipAddress: 94.66.58.222
logoutlocation:
  world: LionHUB
  x: 945.9908882844403
  y: 37.0
  z: -409.7646294079407
  yaw: -168.86963
  pitch: 4.690105
