timestamps:
  lastteleport: 1497933783130
  login: 1497933742568
  logout: 1497933781728
lastlocation:
  world: LionHUB
  x: 28.14525148556152
  y: 66.5
  z: 12.217965126172938
  yaw: 174.7199
  pitch: 7.1509185
lastAccountName: lopiar
ipAddress: 180.248.65.178
socialspy: false
logoutlocation:
  world: LionHUB
  x: 30.5
  y: 67.0
  z: 15.5
  yaw: 90.11987
  pitch: -0.34908158
