timestamps:
  lastteleport: 1499051601807
  login: 1499051421864
  logout: 1499051599890
lastlocation:
  world: LionHUB
  x: 31.425455148881333
  y: 32.429189044186025
  z: 0.914548956052911
  yaw: 198.00116
  pitch: 42.84204
socialspy: false
lastAccountName: mLite16
ipAddress: 174.131.203.43
logoutlocation:
  world: LionHUB
  x: 30.5
  y: 67.0
  z: 15.5
  yaw: 90.11987
  pitch: -0.34908158
