lastlocation:
  world: LionHUB
  x: 941.3448329873854
  y: 37.0
  z: -402.4043003529563
  yaw: -331.30032
  pitch: 5.1209846
lastAccountName: Jamesthecaveboy
timestamps:
  login: 1508085901017
  lastteleport: 1508085931212
  logout: 1508085998910
ipAddress: 109.145.158.166
logoutlocation:
  world: MainLobby
  x: 27.517668288425703
  y: 57.0
  z: 7.6037793903409145
  yaw: -109.62243
  pitch: 8.297785
