lastlocation:
  world: LionHUB
  x: 942.0
  y: 38.0
  z: -415.0
  yaw: 0.0
  pitch: 0.0
lastAccountName: Cucumburrito
timestamps:
  login: 1515291172751
  logout: 1515291251243
ipAddress: 162.227.253.134
logoutlocation:
  world: LionHUB
  x: 943.0195191088159
  y: 38.0
  z: -414.25812266697704
  yaw: 13.922182
  pitch: 9.816327
