lastlocation:
  world: skywars
  x: 86.30000001192093
  y: 153.0
  z: -132.97466297706688
  yaw: 15.401886
  pitch: 37.962044
socialspy: false
lastAccountName: TaklaKinggTK
timestamps:
  login: 1506786177147
  logout: 1506786349194
ipAddress: 5.197.17.157
logoutlocation:
  world: LionHUB
  x: 93.59000165470934
  y: 46.0
  z: -58.57545668357376
  yaw: 359.18677
  pitch: 11.162167
