lastAccountName: xYurisu_
timestamps:
  login: 1502119738511
  lastteleport: 1502119746675
  logout: 1502119998549
ipAddress: 14.199.167.215
socialspy: false
lastlocation:
  world: LionHUB
  x: 94.48014149411725
  y: 47.0
  z: -49.50115347043203
  yaw: -3.0632126
  pitch: 12.212165
logoutlocation:
  world: LionHUB
  x: 104.74352859105862
  y: 5.0
  z: -121.24503635838414
  yaw: -11.463218
  pitch: 5.612163
