socialspy: false
lastAccountName: _PrisonMasterMC_
timestamps:
  login: 1503977860000
  lastteleport: 1503977880612
  logout: 1503977943708
ipAddress: 112.119.136.192
lastlocation:
  world: LionHUB
  x: 92.43600712270954
  y: 45.0
  z: -62.55757278706228
  yaw: 1.2886657
  pitch: -1.4110628
logoutlocation:
  world: ASkyBlock
  x: -200.10676241614618
  y: 118.0
  z: 400.35946653862237
  yaw: 136.77008
  pitch: 24.292492
