timestamps:
  lastteleport: 1499901721351
  login: 1499901702086
  logout: 1499901719195
lastlocation:
  world: LionHUB
  x: 93.35
  y: 45.0
  z: -62.35
  yaw: -359.88382
  pitch: -20.032845
socialspy: false
lastAccountName: eUx5WOuEb4qQ3ejX
ipAddress: 163.121.188.3
logoutlocation:
  world: LionHUB
  x: 93.5
  y: 45.0
  z: -62.5
  yaw: -359.88382
  pitch: -20.032845
