lastlocation:
  world: LionHUB
  x: 942.2070802812162
  y: 39.24918707874468
  z: -363.01682865694
  yaw: 35.72351
  pitch: 22.633774
lastAccountName: focuscraft
timestamps:
  login: 1514471720868
  lastteleport: 1514471813852
  logout: 1514471900232
ipAddress: 185.178.50.98
money: '0.0'
logoutlocation:
  world: MainLobby
  x: 28.50033253803263
  y: 57.0
  z: 7.460978971485742
  yaw: -36.655884
  pitch: 4.029368
