lastlocation:
  world: Factions
  x: 393.69999998807907
  y: 4.0
  z: 250.69999998807907
  yaw: 356.67606
  pitch: 6.103767
lastAccountName: LoserLana
timestamps:
  login: 1511490044165
  logout: 1511491992237
ipAddress: 68.103.86.163
logoutlocation:
  world: Factions
  x: 388.97591041060423
  y: 6.0
  z: 248.39410910010338
  yaw: 267.59253
  pitch: 6.4608173
