lastAccountName: stoots
timestamps:
  login: 1505956320227
  lastteleport: 1505956702353
  logout: 1505956965670
ipAddress: 212.237.120.122
socialspy: false
lastlocation:
  world: LionHUB
  x: 93.4200734196918
  y: 47.0
  z: -47.31815089890733
  yaw: 39.77475
  pitch: -14.408231
logoutlocation:
  world: Sg
  x: -98.84886590629623
  y: 5.0
  z: 53.820503808494436
  yaw: -46.698074
  pitch: 62.277523
