lastlocation:
  world: newhub
  x: -1111.4621676639438
  y: 10.0
  z: 660.4818954712274
  yaw: -224.78381
  pitch: 1.0752602
