lastlocation:
  world: LionHUB
  x: 946.7602003982191
  y: 37.0
  z: -412.5087967110089
  yaw: -216.73798
  pitch: 18.267088
lastAccountName: fireman0403
timestamps:
  login: 1510443474068
  lastteleport: 1510443503786
  logout: 1510443586525
ipAddress: 77.53.223.112
logoutlocation:
  world: MainLobby
  x: 5.105681942029279
  y: 60.5
  z: 2.845508327231322
  yaw: -89.28261
  pitch: 31.091866
