lastlocation:
  world: LionHUB
  x: 699.0480632642513
  y: 6.041335978218077
  z: 3560.6914778034666
  yaw: -221.8053
  pitch: 6.69221
lastAccountName: ProjectPanic
timestamps:
  login: 1519188737958
  lastteleport: 1519188782851
  logout: 1519188829653
ipAddress: 173.92.98.128
money: '0.0'
logoutlocation:
  world: Sg
  x: -98.62484243915682
  y: 5.0
  z: 46.651806006417885
  yaw: -11.131285
  pitch: -12.781465
