timestamps:
  lastteleport: 1499901750532
  login: 1499901720571
  logout: 1499901749431
lastlocation:
  world: LionHUB
  x: 93.5
  y: 45.0
  z: -62.5
  yaw: -359.88382
  pitch: -20.032845
lastAccountName: Ly2tmZlHs4QA4url
ipAddress: 50.63.167.43
socialspy: false
logoutlocation:
  world: LionHUB
  x: 93.5
  y: 45.0
  z: -62.5
  yaw: -359.88382
  pitch: -20.032845
