lastAccountName: Vanius_GamingYT
timestamps:
  login: 1503068152116
  lastteleport: 1503068175917
  logout: 1503068206592
ipAddress: 202.62.18.102
socialspy: false
lastlocation:
  world: LionHUB
  x: 93.27536894873836
  y: 47.0
  z: -48.280617315950465
  yaw: -0.56420803
  pitch: 2.2089543
logoutlocation:
  world: MainLobby
  x: 22.7363768515727
  y: 58.0
  z: -0.35679741122293773
  yaw: 286.1769
  pitch: 17.80351
