lastAccountName: Lamessquirrel
timestamps:
  login: 1505413869800
  lastteleport: 1505413882856
  logout: 1505414403886
ipAddress: 89.217.144.101
socialspy: false
lastlocation:
  world: LionHUB
  x: 94.20297113210324
  y: 47.0
  z: -52.34013642091056
  yaw: -5.7455897
  pitch: 45.24961
logoutlocation:
  world: MainLobby
  x: -0.5335005639400162
  y: 60.0
  z: 0.4691817266242615
  yaw: -89.0
  pitch: 2.0
