socialspy: false
lastAccountName: jdimchimpski
timestamps:
  login: 1502788157106
  logout: 1502788159504
ipAddress: 79.228.200.227
logoutlocation:
  world: LionHUB
  x: 93.51999108110613
  y: 45.0
  z: -62.30000001192093
  yaw: -2.0463011
  pitch: 15.416579
