lastAccountName: KripllSK
timestamps:
  login: 1501767345143
  logout: 1501767382138
ipAddress: 95.102.218.242
socialspy: false
logoutlocation:
  world: LionHUB
  x: 91.32103537340387
  y: 46.5
  z: -58.728757960135724
  yaw: -17.325024
  pitch: 7.583469
