lastlocation:
  world: UhcMeetup
  x: 74.97284772772689
  y: 74.0
  z: 102.40566866896442
  yaw: 308.38086
  pitch: 7.5456405
lastAccountName: BluDerp
timestamps:
  login: 1516148738449
  lastteleport: 1516148770449
  logout: 1516149108467
ipAddress: 47.184.50.28
logoutlocation:
  world: MainLobby
  x: 3.339987476801525
  y: 60.0
  z: 0.48397785739088794
  yaw: -89.20562
  pitch: 2.0
money: '0.0'
