lastAccountName: GottiBoy
timestamps:
  login: 1504894210880
  lastteleport: 1504894394735
  logout: 1504894586998
ipAddress: 77.188.28.231
socialspy: false
lastlocation:
  world: LionHUB
  x: 93.50790605286305
  y: 46.0
  z: -60.69333640461003
  yaw: -179.2326
  pitch: 14.928269
logoutlocation:
  world: MainLobby
  x: 3.977974720433503
  y: 60.0
  z: -0.08298698383309328
  yaw: -272.22443
  pitch: 2.5888212
