lastlocation:
  world: LionHUB
  x: 943.0644037800563
  y: 38.0
  z: -414.69615849648756
  yaw: 358.24664
  pitch: 1.7075297
lastAccountName: DragonGoesOppai
timestamps:
  login: 1507218709636
  logout: 1507218723433
ipAddress: 95.185.103.243
socialspy: false
logoutlocation:
  world: LionHUB
  x: 942.9847941585354
  y: 38.0
  z: -414.80756805231493
  yaw: 308.85352
  pitch: 16.93759
