lastlocation:
  world: Factions
  x: -1.2775108649696298
  y: 64.00133597911214
  z: -293.59672465570696
  yaw: 98.0733
  pitch: 55.34996
lastAccountName: TheProDeniz
timestamps:
  login: 1511679877230
  lastteleport: 1511680043824
  logout: 1511680423506
ipAddress: 24.133.143.69
money: '0.0'
logoutlocation:
  world: Factions
  x: 122.482793792707
  y: 70.0625
  z: -311.1072150400128
  yaw: -179.1267
  pitch: 0.7005392
