timestamps:
  lastteleport: 1499901678822
  login: 1499901647057
  logout: 1499901678498
lastlocation:
  world: LionHUB
  x: 93.5
  y: 45.0
  z: -62.5
  yaw: -359.88382
  pitch: -20.032845
lastAccountName: 8Yd2MEaV5U5OiOmP
ipAddress: 50.63.167.115
socialspy: false
logoutlocation:
  world: LionHUB
  x: 93.5
  y: 45.0
  z: -62.5
  yaw: -359.88382
  pitch: -20.032845
