lastlocation:
  world: LionHUB
  x: 942.9395244330399
  y: 38.0
  z: -414.9798036988763
  yaw: -4.153345
  pitch: 2.907533
lastAccountName: XxLoneShadowXx
timestamps:
  login: 1508422774450
  logout: 1508422790457
ipAddress: 83.94.243.188
logoutlocation:
  world: LionHUB
  x: 942.9395244330399
  y: 38.0
  z: -414.9798036988763
  yaw: -4.705914
  pitch: 2.5425928
