lastlocation:
  world: skywars
  x: 102.52310730190948
  y: 150.0
  z: -128.22094782408772
  yaw: -185.34349
  pitch: 14.387626
lastAccountName: Player_XXxx1
timestamps:
  login: 1517068742246
  logout: 1517070487074
  lastteleport: 1517068679364
ipAddress: 191.163.183.218
money: '500.0'
logoutlocation:
  world: LionHUB
  x: 942.212506778484
  y: 37.5
  z: -417.17085483222877
  yaw: -10.922613
  pitch: 14.898316
