lastAccountName: DigitCraftMC
timestamps:
  login: 1503063506784
  lastteleport: 1501585061531
  logout: 1503063513386
ipAddress: 77.49.164.244
socialspy: false
lastlocation:
  world: LionHUB
  x: 93.65851618180676
  y: 47.0
  z: -48.319742521027074
  yaw: -359.1377
  pitch: -14.867188
logoutlocation:
  world: LionHUB
  x: 93.51999108110613
  y: 45.0
  z: -62.30000001192093
  yaw: 5.019568
  pitch: 13.705754
