lastAccountName: theflash_br123
timestamps:
  login: 1503263907245
  logout: 1503264102276
ipAddress: 177.75.205.12
socialspy: false
logoutlocation:
  world: LionHUB
  x: 94.97735691229741
  y: 1.0
  z: -155.69999998807907
  yaw: 249.2384
  pitch: 3.1500058
