lastAccountName: hasan312ali2006
timestamps:
  login: 1501674325577
  logout: 1501674341381
ipAddress: 103.16.179.253
socialspy: false
logoutlocation:
  world: LionHUB
  x: 93.56079624302397
  y: 45.0
  z: -62.973591630463076
  yaw: 182.99931
  pitch: 16.412983
