lastlocation:
  world: LionHUB
  x: 942.1641105858134
  y: 38.0
  z: -363.09893473146235
  yaw: 2.0221558
  pitch: 6.4541526
lastAccountName: Originsdu666
timestamps:
  login: 1514927257018
  lastteleport: 1514927314223
  logout: 1514927346636
ipAddress: 173.182.148.213
money: '0.0'
logoutlocation:
  world: MainLobby
  x: 4.7589188177797626
  y: 60.0
  z: 0.3548296001713135
  yaw: -59.754166
  pitch: 29.839804
