lastAccountName: poljc
timestamps:
  login: 1506196465360
  logout: 1506196485608
socialspy: false
ipAddress: 76.119.196.83
logoutlocation:
  world: LionHUB
  x: 93.87891152498075
  y: 46.5
  z: -86.6919221840797
  yaw: 10.413358
  pitch: 21.558594
