lastlocation:
  world: ASkyBlock
  x: 0.0
  y: 118.0
  z: 0.0
  yaw: 0.0
  pitch: 0.0
lastAccountName: ZOPNE
timestamps:
  login: 1508702399258
  lastteleport: 1508702483735
  logout: 1508702852333
ipAddress: 46.139.121.66
logoutlocation:
  world: ASkyBlock
  x: 278.6416346392619
  y: 124.0
  z: 30.928114446578547
  yaw: -25.757889
  pitch: 0.105350524
