lastAccountName: PoisonousscaR
timestamps:
  login: 1507334276649
  lastteleport: 1506557057334
  logout: 1507334278472
ipAddress: 206.192.243.56
socialspy: false
lastlocation:
  world: LionHUB
  x: 943.0644037800563
  y: 38.0
  z: -414.69615849648756
  yaw: 357.8458
  pitch: 1.7075297
logoutlocation:
  world: LionHUB
  x: 943.0644037800563
  y: 38.0
  z: -414.69615849648756
  yaw: 351.19687
  pitch: 3.2075305
