timestamps:
  lastteleport: 1499901647359
  login: 1499901641162
lastlocation:
  world: LionHUB
  x: 93.35
  y: 45.0
  z: -62.35
  yaw: -359.88382
  pitch: -20.032845
socialspy: false
lastAccountName: Rx2jZPYJIV2kfO8h
ipAddress: 84.217.197.26
logoutlocation:
  world: LionHUB
  x: 93.5
  y: 45.0
  z: -62.5
  yaw: -359.88382
  pitch: -20.032845
