lastlocation:
  world: LionHUB
  x: 746.4592455243042
  y: 10.0
  z: 3608.7898504515924
  yaw: -0.10546875
  pitch: -4.859901
lastAccountName: Grillbys
timestamps:
  login: 1517506006595
  logout: 1517506164598
  lastteleport: 1517501982479
ipAddress: 65.94.241.233
logoutlocation:
  world: LionHUB
  x: 774.399642568733
  y: 5.0
  z: 3596.9624973088985
  yaw: 309.19232
  pitch: 21.389986
money: '500.0'
