lastAccountName: Torrential
timestamps:
  login: 1505083830145
  lastteleport: 1505083835929
  logout: 1505083939845
ipAddress: 70.162.170.84
socialspy: false
lastlocation:
  world: LionHUB
  x: 93.83804753225641
  y: 47.0
  z: -51.878366099481546
  yaw: 3.6064873
  pitch: 10.121845
logoutlocation:
  world: MainLobby
  x: 37.736791654065286
  y: 60.4807108763317
  z: -23.620449444572863
  yaw: -339.2515
  pitch: 12.046959
