timestamps:
  lastteleport: 1498138736613
  login: 1498138574704
  logout: 1498138735159
lastlocation:
  world: FFA
  x: 30.76642878532213
  y: 28.0
  z: -699.4938240641552
  yaw: 244.55458
  pitch: 66.183876
lastAccountName: kokusuzpvptr
ipAddress: 95.10.234.82
socialspy: false
logoutlocation:
  world: LionHUB
  x: 29.0
  y: 66.0
  z: 15.0
  yaw: 90.11987
  pitch: -0.34908158
