socialspy: false
lastAccountName: HubertGamer
timestamps:
  login: 1504964001704
  logout: 1504964021367
ipAddress: 2.100.185.249
logoutlocation:
  world: LionHUB
  x: 94.3188753411327
  y: 46.0
  z: -59.953216304546814
  yaw: 9.054714
  pitch: 2.1
