lastAccountName: danteLLLLLL
timestamps:
  login: 1504460366648
  logout: 1504460371584
  lastteleport: 1503329137446
ipAddress: 81.213.240.155
socialspy: false
logoutlocation:
  world: LionHUB
  x: 93.43908912329061
  y: 46.0
  z: -55.024534276736915
  yaw: 1.1663818
  pitch: 5.2208605
lastlocation:
  world: LionHUB
  x: 93.53694608093065
  y: 46.0
  z: -60.75294211019398
  yaw: -1.2632126
  pitch: 14.435548
