lastlocation:
  world: LionHUB
  x: 941.072525150031
  y: 37.0
  z: -408.63873131496723
  yaw: -171.44995
  pitch: 33.89999
lastAccountName: BishAF
timestamps:
  login: 1513376486252
  lastteleport: 1513376507089
  logout: 1513376534664
ipAddress: 81.170.175.113
money: '0.0'
logoutlocation:
  world: MainLobby
  x: 12.325386819150834
  y: 57.0
  z: 0.5151157571707852
  yaw: 107.78628
  pitch: 29.226315
