lastAccountName: serif0816
timestamps:
  login: 1503664586462
  lastteleport: 1503664605415
  logout: 1503664648495
ipAddress: 95.10.190.132
socialspy: false
lastlocation:
  world: LionHUB
  x: 92.96097591237695
  y: 47.0
  z: -49.02295768500558
  yaw: -2.7613401
  pitch: -1.1110654
logoutlocation:
  world: MainLobby
  x: 9.055478733848531
  y: 57.0
  z: -7.972625391632359
  yaw: -157.6999
  pitch: 21.65
