lastlocation:
  world: Factions
  x: 50.408976196183765
  y: 6.0
  z: 27.11339506167481
  yaw: 294.28696
  pitch: 18.211748
