lastlocation:
  world: LionHUB
  x: 942.0
  y: 38.0
  z: -415.0
  yaw: 0.0
  pitch: 0.0
lastAccountName: Pudar123
timestamps:
  login: 1514568883250
  logout: 1514568888880
ipAddress: 24.135.223.170
logoutlocation:
  world: LionHUB
  x: 943.0195191088159
  y: 38.0
  z: -414.25812266697704
  yaw: 1.9221864
  pitch: 9.216321
