lastAccountName: Futis_
timestamps:
  login: 1502880502243
  lastteleport: 1502880536652
  logout: 1502880881309
ipAddress: 88.20.145.162
socialspy: false
lastlocation:
  world: LionHUB
  x: 93.13107796985317
  y: 48.0
  z: -46.75035506435986
  yaw: -6.6613398
  pitch: 3.238948
logoutlocation:
  world: FFA
  x: 1.0
  y: 13.0
  z: 0.0
  yaw: 189.77277
  pitch: 32.682735
