lastAccountName: DummyList
timestamps:
  login: 1503290866214
  logout: 1503290909953
ipAddress: 218.252.94.7
socialspy: false
logoutlocation:
  world: LionHUB
  x: 93.86417783766001
  y: 46.0
  z: -86.28216503474323
  yaw: -179.7341
  pitch: 3.0955071
