lastlocation:
  world: lobby_practice
  x: 10.357209405866726
  y: 67.91160000801086
  z: -531.1334845893002
  yaw: 150.12958
  pitch: 34.13899
lastAccountName: Aphnx
timestamps:
  login: 1520717006597
  lastteleport: 1520717045373
  logout: 1520717111145
ipAddress: 174.218.148.63
money: '0.0'
logoutlocation:
  world: MainLobby
  x: -0.5335005639400162
  y: 60.0
  z: 0.46918172662426155
  yaw: -89.0
  pitch: 2.0
