lastlocation:
  world: Factions
  x: 135.30027059800327
  y: 68.0
  z: -317.51873288573785
  yaw: 180.61096
  pitch: 42.600044
lastAccountName: KarasamaKoal
timestamps:
  login: 1512575550576
  lastteleport: 1512575602081
  kits:
    starter: 1512575655609
  logout: 1512576636988
ipAddress: 71.68.104.247
money: '4256.0'
logoutlocation:
  world: Factions
  x: 115.57433442308209
  y: 68.0
  z: -287.82071946036393
  yaw: 51.910633
  pitch: 7.2000003
