timestamps:
  lastteleport: 1500152406775
  login: 1500152377643
  logout: 1500152406673
lastlocation:
  world: LionHUB
  x: 92.85614552687693
  y: 45.0
  z: -61.80068184821282
  yaw: -63.534515
  pitch: 2.1269891
lastAccountName: BuildComber64
ipAddress: 90.181.244.158
socialspy: false
logoutlocation:
  world: LionHUB
  x: 93.5
  y: 45.0
  z: -62.5
  yaw: -359.88382
  pitch: -20.032845
