lastlocation:
  world: parkour
  x: 732.3179577340064
  y: 27.505438499434916
  z: 1018.6999999880791
  yaw: -1.2515554
  pitch: 39.318554
lastAccountName: Godsdevan
timestamps:
  login: 1508029205399
  lastteleport: 1508029343283
  logout: 1508029399469
ipAddress: 72.190.93.58
logoutlocation:
  world: parkour
  x: 733.9279876267049
  y: 28.0
  z: 999.3476099959356
  yaw: 13.829132
  pitch: 18.098778
