lastAccountName: YoloVirusGrYt
timestamps:
  login: 1503912929982
  logout: 1503912963142
ipAddress: 89.210.21.43
socialspy: false
logoutlocation:
  world: LionHUB
  x: 93.01067860885108
  y: 46.0
  z: -63.72187682819208
  yaw: -81.961334
  pitch: 27.68892
