lastAccountName: BentheAnimal10
socialspy: false
timestamps:
  login: 1506179889261
  logout: 1506179905786
ipAddress: 162.198.125.214
logoutlocation:
  world: LionHUB
  x: 93.30272844728236
  y: 46.0
  z: -60.55684315156327
  yaw: -183.21324
  pitch: 5.612166
