timestamps:
  lastteleport: 1497950840639
  login: 1497950810635
  logout: 1497950838585
lastlocation:
  world: LionHUB
  x: 30.40200026333332
  y: 67.0
  z: 15.49977449583821
  yaw: 90.11987
  pitch: -0.34908158
lastAccountName: Asif
ipAddress: 218.252.94.7
socialspy: false
logoutlocation:
  world: LionHUB
  x: 30.5
  y: 67.0
  z: 15.5
  yaw: 90.11987
  pitch: -0.34908158
