timestamps:
  lastteleport: 1501023041140
  login: 1501023033290
  logout: 1501023038780
lastlocation:
  world: LionHUB
  x: 93.69999998807907
  y: 45.0
  z: -62.30302443911205
  yaw: -17.147953
  pitch: 2.5257738
lastAccountName: Latenci
ipAddress: 70.26.210.99
socialspy: false
logoutlocation:
  world: LionHUB
  x: 93.5
  y: 45.0
  z: -62.5
  yaw: -359.88382
  pitch: -20.032845
