lastAccountName: Skull_Sniper123
socialspy: false
timestamps:
  login: 1503398868519
  lastteleport: 1503398875170
  logout: 1503399560182
ipAddress: 220.239.221.155
lastlocation:
  world: LionHUB
  x: 93.51999108110613
  y: 45.0
  z: -62.30000001192093
  yaw: -12.363213
  pitch: 6.512164
logoutlocation:
  world: MainLobby
  x: 26.04304164362761
  y: 58.0
  z: -0.5480146169781998
  yaw: 156.54974
  pitch: 21.950003
