lastlocation:
  world: LionHUB
  x: 747.9027606413397
  y: 10.0
  z: 3620.264469812847
  yaw: 1.1836231
  pitch: 11.700002
lastAccountName: _StrafingNinja_
timestamps:
  login: 1518921634902
  logout: 1518921835284
  lastteleport: 1518921817445
ipAddress: 98.230.193.253
logoutlocation:
  world: Sg
  x: -96.37079820456205
  y: 4.0
  z: 64.88214662994585
  yaw: 159.99661
  pitch: 7.359417
money: '0.0'
