timestamps:
  lastteleport: 1499930415137
  login: 1499930408020
  logout: 1499930414235
lastlocation:
  world: LionHUB
  x: 93.5
  y: 45.0
  z: -62.5
  yaw: -356.59836
  pitch: 25.416035
lastAccountName: Zaky
ipAddress: 125.163.108.118
socialspy: false
logoutlocation:
  world: LionHUB
  x: 93.5
  y: 45.0
  z: -62.5
  yaw: -359.88382
  pitch: -20.032845
