lastlocation:
  world: LionHUB
  x: 943.0635877518404
  y: 38.0
  z: -414.22922837273387
  yaw: 358.24664
  pitch: 1.7075297
lastAccountName: Iarelaica
timestamps:
  login: 1507346956157
  logout: 1507346997443
ipAddress: 76.6.74.223
socialspy: false
logoutlocation:
  world: LionHUB
  x: 943.0790878015292
  y: 38.0
  z: -413.9405385507899
  yaw: 358.24664
  pitch: 1.7075297
