lastlocation:
  world: LionHUB
  x: 942.0
  y: 38.0
  z: -415.0
  yaw: 0.0
  pitch: 0.0
lastAccountName: Nigger
timestamps:
  login: 1514833160673
  logout: 1514833207516
ipAddress: 92.241.34.207
logoutlocation:
  world: LionHUB
  x: 970.5102807419188
  y: 35.0
  z: -415.59785729853206
  yaw: 286.81854
  pitch: 22.478458
