lastlocation:
  world: FFA
  x: -34.69999998807907
  y: 14.0
  z: 0.4382118456783081
  yaw: -11.191223
  pitch: 66.46012
