timestamps:
  lastteleport: 1499901725714
  login: 1499901700146
  logout: 1499901724405
lastlocation:
  world: LionHUB
  x: 93.5
  y: 45.0
  z: -62.5
  yaw: -359.88382
  pitch: -20.032845
socialspy: false
lastAccountName: Wk3oGM04cgaJoPz6
ipAddress: 92.240.248.118
logoutlocation:
  world: LionHUB
  x: 93.5
  y: 45.0
  z: -62.5
  yaw: -359.88382
  pitch: -20.032845
