timestamps:
  lastteleport: 1500107366928
  login: 1501994591378
  logout: 1501994595479
lastlocation:
  world: LionHUB
  x: 93.5
  y: 45.0
  z: -62.5
  yaw: -349.38382
  pitch: 10.117158
socialspy: false
lastAccountName: llCHASEll
ipAddress: 112.198.103.148
logoutlocation:
  world: LionHUB
  x: 94.60828418795582
  y: 47.24918707874468
  z: -59.431591327106844
  yaw: -10.563212
  pitch: 19.412163
