lastlocation:
  world: LionHUB
  x: 746.4592455243042
  y: 10.0
  z: 3608.7898504515924
  yaw: -0.10546875
  pitch: -4.859901
lastAccountName: Bl0odyClown
timestamps:
  login: 1518318498137
  logout: 1518318581835
  lastteleport: 1518317746158
ipAddress: 69.167.30.86
logoutlocation:
  world: LionHUB
  x: 755.5511382977379
  y: 6.0
  z: 3621.515673567605
  yaw: -60.8311
  pitch: 16.383377
money: '500.0'
