lastlocation:
  world: lobby_practice
  x: 608.2623940181959
  y: 35.0
  z: -282.8870385616062
  yaw: 207.25012
  pitch: 3.7499905
