lastlocation:
  world: LionHUB
  x: 942.735660016771
  y: 38.0
  z: -363.07579531575806
  yaw: -4.522949
  pitch: 15.842728
lastAccountName: Antonbisse
timestamps:
  login: 1514061727641
  lastteleport: 1514061760628
  logout: 1514061776008
ipAddress: 178.157.250.241
money: '0.0'
logoutlocation:
  world: MainLobby
  x: 2.86441240591003
  y: 60.0
  z: 1.0406029168858302
  yaw: -255.77081
  pitch: 12.876947
