timestamps:
  lastteleport: 1498224686071
  login: 1498224675376
  logout: 1498224684468
lastlocation:
  world: LionHUB
  x: 30.5
  y: 67.0
  z: 15.5
  yaw: 90.11987
  pitch: -0.34908158
socialspy: false
lastAccountName: LuminaLike
ipAddress: 185.157.183.5
logoutlocation:
  world: LionHUB
  x: 30.5
  y: 67.0
  z: 15.5
  yaw: 90.11987
  pitch: -0.34908158
