lastlocation:
  world: MainLobby
  x: -0.5335005639400162
  y: 60.0
  z: 0.46918172662426155
  yaw: -89.0
  pitch: 2.0
lastAccountName: timcrafter2031
timestamps:
  login: 1516531979585
  lastteleport: 1516532196530
  logout: 1516532904680
ipAddress: 90.55.87.68
money: '0.0'
logoutlocation:
  world: MainLobby
  x: 2.3000000119209276
  y: 61.0
  z: -8.300000011920929
  yaw: 239.58765
  pitch: 29.964893
