lastlocation:
  world: LionHUB
  x: 942.9343908265473
  y: 35.0
  z: -389.73072894920267
  yaw: -0.35238674
  pitch: -2.1717615
lastAccountName: TSD_Tommeh
timestamps:
  login: 1507131928464
  lastteleport: 1507131944125
  logout: 1507131949816
ipAddress: 82.19.11.65
socialspy: false
logoutlocation:
  world: MainLobby
  x: 22.81151478176204
  y: 57.0
  z: 12.797272029369376
  yaw: 323.44455
  pitch: 9.100011
