lastlocation:
  world: LionHUB
  x: 746.246145237256
  y: 8.0
  z: 3669.990797849118
  yaw: -174.17168
  pitch: 11.941293
lastAccountName: Axovii
timestamps:
  login: 1517538679554
  lastteleport: 1517538799587
  logout: 1517538961159
ipAddress: 94.231.242.19
money: '0.0'
logoutlocation:
  world: MainLobby
  x: 7.422138659025192
  y: 59.0
  z: 0.7339269191389712
  yaw: -261.6911
  pitch: 8.796713
