lastAccountName: xx_ILovePugs_xx
timestamps:
  login: 1506105760385
  lastteleport: 1506106009557
  logout: 1506106094633
ipAddress: 82.44.65.12
socialspy: false
lastlocation:
  world: LionHUB
  x: 92.95953698574979
  y: 49.0
  z: -45.71181455140587
  yaw: 290.33765
  pitch: -19.500011
logoutlocation:
  world: MainLobby
  x: 15.713041231159583
  y: 57.0
  z: 2.782807339844356
  yaw: -0.6502991
  pitch: -0.8000214
