lastAccountName: CubicFoil510139
timestamps:
  login: 1502009428678
  lastteleport: 1501908604076
  logout: 1502009472978
ipAddress: 112.208.199.250
socialspy: false
lastlocation:
  world: LionHUB
  x: 141.5174683885261
  y: 5.0
  z: -96.34162490217095
  yaw: 280.13644
  pitch: 17.312143
nickname: CubicFoil510139
logoutlocation:
  world: LionHUB
  x: 93.51285978674802
  y: -29.57081095581398
  z: -45.020242836144085
  yaw: 324.23642
  pitch: -14.487793
