lastlocation:
  world: LionHUB
  x: 942.9847941585354
  y: 38.0
  z: -414.80756805231493
  yaw: -359.53693
  pitch: 4.701889
lastAccountName: arda879
timestamps:
  login: 1508574879354
  logout: 1508574889314
ipAddress: 85.106.104.33
logoutlocation:
  world: LionHUB
  x: 942.9908146526068
  y: 38.0
  z: -414.1384369670661
  yaw: 355.84665
  pitch: 2.907533
