lastAccountName: xMiloXZ
timestamps:
  login: 1506117412122
  lastteleport: 1506117795594
  logout: 1506117848971
ipAddress: 77.243.25.109
socialspy: false
lastlocation:
  world: LionHUB
  x: 93.66584620632112
  y: 47.0
  z: -47.92669085720116
  yaw: 5.9121094
  pitch: -21.028894
logoutlocation:
  world: MainLobby
  x: 6.300000011920928
  y: 58.5
  z: -3.3000000119209303
  yaw: -304.28644
  pitch: 12.937429
nickname: ยง4Evenityy
