lastlocation:
  world: LionHUB
  x: 945.5771858989536
  y: 37.5
  z: -374.56633528368116
  yaw: 5.0699368
  pitch: 5.6891723
lastAccountName: DERPSFORDAYS
timestamps:
  login: 1512636769903
  lastteleport: 1512636805278
  kits:
    starter: 1512636844290
  logout: 1512636936054
ipAddress: 180.150.24.165
money: '32.0'
logoutlocation:
  world: Factions
  x: 139.57411493277627
  y: 56.0
  z: -297.3113178884559
  yaw: 241.55753
  pitch: 0.5069848
