lastlocation:
  world: LionHUB
  x: 942.7738828722155
  y: 38.0
  z: -363.09917144961213
  yaw: 3.6062348
  pitch: 13.954868
lastAccountName: wooterz
timestamps:
  login: 1511902072124
  lastteleport: 1511902191086
  logout: 1511902219742
ipAddress: 112.198.72.63
money: '0.0'
logoutlocation:
  world: MainLobby
  x: 8.371642347883151
  y: 60.0
  z: 0.39182910960683215
  yaw: -78.39872
  pitch: 12.404623
