lastlocation:
  world: LionHUB
  x: 942.6450052482357
  y: 39.87925811807958
  z: -466.95093697230175
  yaw: 151.63608
  pitch: 43.800007
lastAccountName: DEATHFORHAX
timestamps:
  login: 1516884454111
  lastteleport: 1516884534167
  logout: 1516884769972
ipAddress: 197.2.5.179
money: '0.0'
logoutlocation:
  world: Factions
  x: -147.3480451810667
  y: 66.07215827730317
  z: -498.8078746442032
  yaw: 141.95851
  pitch: 8.804648
