lastlocation:
  world: LionHUB
  x: 746.4592455243042
  y: 10.0
  z: 3608.7898504515924
  yaw: -0.10546875
  pitch: -4.859901
lastAccountName: XxLythexX
timestamps:
  login: 1519188810859
  logout: 1519188862200
ipAddress: 173.92.112.211
logoutlocation:
  world: LionHUB
  x: 746.4008091618952
  y: 10.0
  z: 3608.792449225967
  yaw: 93.34455
  pitch: 24.300014
