lastAccountName: XxYusifAzexX
timestamps:
  login: 1507203612779
  lastteleport: 1503597436501
  logout: 1507203620634
ipAddress: 194.135.153.123
socialspy: false
lastlocation:
  world: LionHUB
  x: 93.5515725778357
  y: 45.5
  z: -62.03999779815111
  yaw: 352.87677
  pitch: 9.195232
logoutlocation:
  world: LionHUB
  x: 943.0617718118399
  y: 38.0
  z: -414.4238929478599
  yaw: 353.62018
  pitch: -0.6571214
