lastlocation:
  world: LionHUB
  x: 941.7933291799477
  y: 11.0
  z: -415.0989619901473
  yaw: 270.5584
  pitch: -6.2996936
lastAccountName: thanksy
timestamps:
  login: 1507029396492
  logout: 1507029593167
ipAddress: 203.215.117.79
socialspy: false
logoutlocation:
  world: LionHUB
  x: 943.0644037800563
  y: 38.0
  z: -414.69615849648756
  yaw: -1.7533569
  pitch: 1.7075297
