lastlocation:
  world: FFA
  x: 1.0
  y: 13.0
  z: 0.0
  yaw: -180.15303
  pitch: -1.8497163
lastAccountName: AhmadHazimThePro
timestamps:
  login: 1507594422043
  logout: 1507594480855
ipAddress: 175.144.32.85
socialspy: false
logoutlocation:
  world: LionHUB
  x: 943.0644037800563
  y: 38.0
  z: -414.69615849648756
  yaw: -1.7533569
  pitch: 1.7075297
