socialspy: false
lastAccountName: dogy3927
timestamps:
  login: 1504135437906
  lastteleport: 1504134792406
  logout: 1504135441512
ipAddress: 47.215.188.4
lastlocation:
  world: LionHUB
  x: 93.39546671168696
  y: 47.0
  z: -51.75362360971279
  yaw: 8.038696
  pitch: 16.58895
logoutlocation:
  world: LionHUB
  x: 93.51999108110613
  y: 45.0
  z: -62.30000001192093
  yaw: -56.313213
  pitch: 66.90001
