lastlocation:
  world: LionHUB
  x: 943.0393194974281
  y: 39.24918707874468
  z: -363.0879078573853
  yaw: 2.0290124
  pitch: 3.657929
lastAccountName: FanatikGame4
timestamps:
  login: 1511728172657
  lastteleport: 1511728226427
  logout: 1511728393285
ipAddress: 62.10.124.52
money: '0.0'
logoutlocation:
  world: MainLobby
  x: 40.36127774931515
  y: 59.0
  z: 0.477692227797471
  yaw: -125.58216
  pitch: 23.627527
