lastlocation:
  world: FFAnormal
  x: 3.921012920008959
  y: 16.0
  z: 5.901260643259975
  yaw: -93.26835
  pitch: 19.394474
lastAccountName: Ace_Destruction
timestamps:
  login: 1510904477301
  lastteleport: 1510904585799
  logout: 1510906633657
ipAddress: 203.59.42.61
logoutlocation:
  world: FFAnormal
  x: 2.0
  y: 14.0
  z: 5.0
  yaw: -93.26835
  pitch: 19.394474
