lastlocation:
  world: LionHUB
  x: 746.4592455243042
  y: 10.0
  z: 3608.7898504515924
  yaw: -0.10546875
  pitch: -4.859901
lastAccountName: Wukon
timestamps:
  login: 1518224500402
  logout: 1518224631778
ipAddress: 73.149.190.18
logoutlocation:
  world: LionHUB
  x: 763.318509814858
  y: 19.80306053087957
  z: 3613.5062915275325
  yaw: 13.093994
  pitch: 72.299995
