timestamps:
  lastteleport: 1499901637659
  login: 1499901631161
  logout: 1499901634990
lastlocation:
  world: LionHUB
  x: 93.5
  y: 45.0
  z: -62.5
  yaw: -359.88382
  pitch: -20.032845
lastAccountName: DXqYXVXdSnqN06Wm
ipAddress: 190.196.147.226
socialspy: false
logoutlocation:
  world: LionHUB
  x: 93.5
  y: 45.0
  z: -62.5
  yaw: -359.88382
  pitch: -20.032845
