lastlocation:
  world: LionHUB
  x: 746.4592455243042
  y: 10.0
  z: 3608.7898504515924
  yaw: -0.10546875
  pitch: -4.859901
lastAccountName: heatblast22
timestamps:
  login: 1520711171578
  logout: 1520711182720
ipAddress: 72.178.236.242
logoutlocation:
  world: LionHUB
  x: 746.4592455243042
  y: 10.0
  z: 3608.7898504515924
  yaw: 4.8195386
  pitch: -7.531091
