lastlocation:
  world: Factions
  x: 99.4014213982476
  y: 65.0
  z: -222.08530449195038
  yaw: -93.92561
  pitch: 25.20001
