lastlocation:
  world: lobby_practice
  x: 500.041221023853
  y: 4.0
  z: -3230.8236980068627
  yaw: 41.985855
  pitch: -8.418611
lastAccountName: testforsubxD
timestamps:
  login: 1512289397669
  lastteleport: 1512289457307
  logout: 1512290204552
ipAddress: 203.144.93.161
money: '0.0'
logoutlocation:
  world: MainLobby
  x: 14.69999998807907
  y: 63.0
  z: 30.92500001192093
  yaw: -151.13144
  pitch: 36.46004
