lastAccountName: SC0RTCH
timestamps:
  login: 1505713925718
  logout: 1505713942024
ipAddress: 36.83.63.177
socialspy: false
logoutlocation:
  world: LionHUB
  x: 93.51999108110613
  y: 45.0
  z: -62.30000001192093
  yaw: 5.186798
  pitch: 12.212165
