lastlocation:
  world: LionHUB
  x: 746.7926382483098
  y: 10.0
  z: 3611.566452973064
  yaw: -6.9622264
  pitch: -2.6831536
lastAccountName: TimeWrecker
timestamps:
  login: 1518120469132
  lastteleport: 1518120476174
  logout: 1518120486194
ipAddress: 85.166.27.231
money: '0.0'
logoutlocation:
  world: MainLobby
  x: 4.556990625828762
  y: 60.0
  z: 0.3844460057177748
  yaw: -101.55913
  pitch: 7.015204
