lastAccountName: 9mt_me
timestamps:
  login: 1505684460035
  logout: 1505684524273
ipAddress: 86.99.111.170
socialspy: false
logoutlocation:
  world: LionHUB
  x: 93.50848809898889
  y: 45.0
  z: -62.54658081977909
  yaw: 2.0921493
  pitch: -1.4110628
