lastlocation:
  world: LionHUB
  x: 942.0
  y: 38.0
  z: -415.0
  yaw: 0.0
  pitch: 0.0
lastAccountName: CheesyPlayz34
timestamps:
  login: 1516025899414
  logout: 1516025938489
ipAddress: 60.240.53.251
logoutlocation:
  world: LionHUB
  x: 941.3622957320135
  y: 37.0
  z: -426.6191009726434
  yaw: 328.32635
  pitch: -0.76532924
