timestamps:
  lastteleport: 1499901703337
  login: 1499901694330
  logout: 1499901702189
lastlocation:
  world: LionHUB
  x: 93.5
  y: 45.0
  z: -62.5
  yaw: -359.88382
  pitch: -20.032845
lastAccountName: 7w34AdVPxg41MTwL
ipAddress: 202.166.194.191
socialspy: false
logoutlocation:
  world: LionHUB
  x: 93.5
  y: 45.0
  z: -62.5
  yaw: -359.88382
  pitch: -20.032845
