lastlocation:
  world: skywars
  x: 102.5
  y: 150.0
  z: -129.5
  yaw: -2.2522888
  pitch: -12.645975
lastAccountName: trombone5
timestamps:
  login: 1513736423626
  logout: 1513736725670
ipAddress: 75.137.9.111
money: '500.0'
logoutlocation:
  world: LionHUB
  x: 905.3147137791822
  y: 39.000635549029525
  z: -452.3557290080343
  yaw: 130.02203
  pitch: 24.149986
