timestamps:
  lastteleport: 1499901703235
  login: 1499901690350
  logout: 1499901702189
lastlocation:
  world: LionHUB
  x: 93.35
  y: 45.0
  z: -62.35
  yaw: -359.88382
  pitch: -20.032845
lastAccountName: UPdxtiOytbgl4ngQ
ipAddress: 186.177.17.131
socialspy: false
logoutlocation:
  world: LionHUB
  x: 93.5
  y: 45.0
  z: -62.5
  yaw: -359.88382
  pitch: -20.032845
