timestamps:
  lastteleport: 1499901679973
  login: 1499901644638
  logout: 1499901678498
lastlocation:
  world: LionHUB
  x: 93.35
  y: 45.0
  z: -62.35
  yaw: -359.88382
  pitch: -20.032845
lastAccountName: Ra9hM0gNMTXnAYZp
ipAddress: 177.23.112.190
socialspy: false
logoutlocation:
  world: LionHUB
  x: 93.5
  y: 45.0
  z: -62.5
  yaw: -359.88382
  pitch: -20.032845
