lastlocation:
  world: LionHUB
  x: 746.4592455243042
  y: 10.0
  z: 3608.7898504515924
  yaw: -0.10546875
  pitch: -4.859901
lastAccountName: KaPiC
timestamps:
  login: 1517424285362
  logout: 1517424431980
ipAddress: 193.106.129.149
logoutlocation:
  world: LionHUB
  x: 746.4592455243042
  y: 10.0
  z: 3608.7898504515924
  yaw: 359.89453
  pitch: -4.859901
