lastlocation:
  world: Factions
  x: 369.42058445158597
  y: 69.0
  z: -133.86739332102576
  yaw: 45.463352
  pitch: -20.999956
