lastlocation:
  world: Factions
  x: 307.03391582557526
  y: 20.0
  z: -120.70259230121806
  yaw: 4.6073
  pitch: 36.56535
