lastlocation:
  world: LionHUB
  x: 942.7062410875324
  y: 38.0
  z: -466.93562266609865
  yaw: 182.3968
  pitch: 1.164151
lastAccountName: jsebastian
timestamps:
  login: 1514244298590
  lastteleport: 1514244384914
  kits:
    starter: 1514244411566
  logout: 1514244842892
ipAddress: 181.49.65.34
money: '0.0'
logoutlocation:
  world: Factions
  x: 76.46539092523523
  y: 69.0
  z: -473.6060724168985
  yaw: -8.83608
  pitch: 13.677708
