lastlocation:
  world: LionHUB
  x: 746.5393338159088
  y: 8.0
  z: 3669.971257308527
  yaw: 358.3942
  pitch: 20.340082
lastAccountName: NDRV3_Kokichi0ma
timestamps:
  login: 1518289095085
  lastteleport: 1518289305958
  logout: 1518289424785
ipAddress: 84.25.193.20
money: '0.0'
logoutlocation:
  world: MainLobby
  x: 17.98453028310773
  y: 57.0
  z: 5.625635648095395
  yaw: 50.186653
  pitch: 12.1263685
