lastlocation:
  world: Factions
  x: 337.02741949820984
  y: 64.0
  z: -452.9394157021099
  yaw: -95.65798
  pitch: 12.74998
