socialspy: false
lastAccountName: iTzMeDr4c0x
timestamps:
  login: 1505270640507
  logout: 1505270676425
ipAddress: 181.53.168.87
logoutlocation:
  world: LionHUB
  x: 95.09324923336078
  y: 46.5
  z: -60.6354374113783
  yaw: -18.528708
  pitch: 3.251008
