lastlocation:
  world: LionHUB
  x: 942.4636615636866
  y: 37.0
  z: -407.50051230763586
  yaw: 192.8722
  pitch: 14.766322
lastAccountName: CuzImAileen
timestamps:
  login: 1520365296800
  lastteleport: 1512576158980
  logout: 1520365305231
ipAddress: 87.122.109.179
money: '500.0'
logoutlocation:
  world: LionHUB
  x: 746.4592455243042
  y: 10.0
  z: 3608.7898504515924
  yaw: -0.40546855
  pitch: 8.9401
