lastAccountName: rooney97
timestamps:
  login: 1504131552853
  lastteleport: 1504131618876
  logout: 1504131809054
ipAddress: 65.51.147.205
socialspy: false
lastlocation:
  world: LionHUB
  x: 93.85075318382009
  y: 47.0
  z: -47.974746352599
  yaw: -352.8615
  pitch: -10.349987
logoutlocation:
  world: MainLobby
  x: 2.902182592713136
  y: 62.0
  z: -3.0749999880790746
  yaw: 14.936803
  pitch: 25.649963
