lastAccountName: red_man111
timestamps:
  login: 1503027883797
  logout: 1503027923514
ipAddress: 174.218.133.63
socialspy: false
logoutlocation:
  world: LionHUB
  x: 93.50848809898889
  y: 45.0
  z: -62.54658081977909
  yaw: -44.60747
  pitch: 10.819376
