timestamps:
  lastteleport: 1499760479044
  login: 1499760456940
  logout: 1499760478193
lastlocation:
  world: LionHUB
  x: 93.10386862852272
  y: 45.5
  z: -60.471250284121936
  yaw: -9.333923
  pitch: 12.367152
lastAccountName: Kacbok
ipAddress: 94.66.57.132
socialspy: false
logoutlocation:
  world: LionHUB
  x: 93.5
  y: 45.0
  z: -62.5
  yaw: -359.88382
  pitch: -20.032845
