socialspy: false
lastAccountName: leen1234
timestamps:
  login: 1501530344896
  logout: 1501530462630
ipAddress: 73.210.196.205
logoutlocation:
  world: LionHUB
  x: 93.5211129119707
  y: 45.0
  z: -62.01819506634006
  yaw: 0.08673096
  pitch: 11.462164
