lastAccountName: Death_kills__
timestamps:
  login: 1511398174797
  logout: 1511398217641
  lastteleport: 1511398190680
ipAddress: 184.158.83.65
socialspy: false
logoutlocation:
  world: MainLobby
  x: 9.2575113424047
  y: 60.0
  z: 0.38875192914293494
  yaw: -246.25237
  pitch: 38.705406
lastlocation:
  world: LionHUB
  x: 943.5681453586817
  y: 38.7531999805212
  z: -363.2306230117628
  yaw: -7.353943
  pitch: 39.154324
