lastAccountName: Maccyboi
timestamps:
  login: 1504715946904
  logout: 1501662245564
  lastteleport: 1501659301463
ipAddress: 92.18.5.186
socialspy: false
logoutlocation:
  world: LionHUB
  x: 93.51999108110613
  y: 45.0
  z: -62.30000001192093
  yaw: -1.2632126
  pitch: 11.762165
lastlocation:
  world: LionHUB
  x: 93.37705576695986
  y: 48.0
  z: -46.20707661136141
  yaw: 338.63702
  pitch: -10.737833
