timestamps:
  lastteleport: 1499901721334
  login: 1499901703143
  logout: 1499901719195
lastlocation:
  world: LionHUB
  x: 93.35
  y: 45.0
  z: -62.35
  yaw: -359.88382
  pitch: -20.032845
socialspy: false
lastAccountName: bFzEVZ_Bh14mmk8E
ipAddress: 94.177.216.47
logoutlocation:
  world: LionHUB
  x: 93.5
  y: 45.0
  z: -62.5
  yaw: -359.88382
  pitch: -20.032845
