socialspy: false
lastAccountName: Dinnik209
timestamps:
  login: 1503819883252
  logout: 1503819902303
ipAddress: 116.102.14.205
logoutlocation:
  world: LionHUB
  x: 93.54104789189098
  y: 45.41999998688698
  z: -62.02325143314548
  yaw: 354.69415
  pitch: 10.52582
