lastAccountName: Adolesce
timestamps:
  login: 1503598743164
  logout: 1503598764066
ipAddress: 194.135.153.84
socialspy: false
logoutlocation:
  world: LionHUB
  x: 93.51999108110613
  y: 45.0
  z: -62.30000001192093
  yaw: -1.2632126
  pitch: 11.762165
