lastlocation:
  world: LionHUB
  x: 943.0195191088159
  y: 38.0
  z: -414.25812266697704
  yaw: 34.2
  pitch: 12.9
lastAccountName: TioCarlitos_
timestamps:
  login: 1512626030673
  lastteleport: 1512626050674
  kits:
    starter: 1512626060588
  logout: 1512626142009
ipAddress: 186.91.239.99
money: '0.0'
logoutlocation:
  world: Factions
  x: 122.45843812929503
  y: 70.0625
  z: -311.9290231934972
  yaw: -184.63197
  pitch: 11.30542
