lastlocation:
  world: LionHUB
  x: 943.3590504771521
  y: 38.0
  z: -415.1400437956654
  yaw: -95.35333
  pitch: 23.90753
lastAccountName: margaretmamie
timestamps:
  login: 1507589268312
  logout: 1507589310084
ipAddress: 24.87.81.139
socialspy: false
logoutlocation:
  world: LionHUB
  x: 941.9615764590145
  y: 35.0
  z: -387.37082260999665
  yaw: 7.06308
  pitch: 29.451857
