lastAccountName: ItzzJoe
timestamps:
  login: 1503391133561
  lastteleport: 1503391150533
  logout: 1503391200839
ipAddress: 86.12.73.211
socialspy: false
lastlocation:
  world: LionHUB
  x: 93.50190814293263
  y: 47.0
  z: -47.78059216924207
  yaw: -0.43294242
  pitch: -14.494326
logoutlocation:
  world: LionHUB
  x: 93.59381384956224
  y: 46.0
  z: -60.5501690677484
  yaw: -194.0691
  pitch: -5.8830123
