lastlocation:
  world: FFASG
  x: 33.579820308398126
  y: 11.0
  z: 6.662698436555269
  yaw: 119.09198
  pitch: -0.73287106
lastAccountName: LittleAngelMaili
timestamps:
  login: 1513959624998
  logout: 1513959764124
ipAddress: 87.133.246.91
money: '0.0'
logoutlocation:
  world: FFA
  x: 22.753636810041876
  y: 28.0
  z: -715.078170730846
  yaw: -167.70311
  pitch: 1.750278
