lastlocation:
  world: Sg
  x: -95.06393727460477
  y: 3.0
  z: 37.489636093184195
  yaw: -273.1599
  pitch: 73.99261
lastAccountName: A7mAdx98
timestamps:
  login: 1507976560054
  logout: 1507977112958
  lastteleport: 1507976648702
ipAddress: 2.51.125.188
logoutlocation:
  world: LionHUB
  x: 942.9395244330399
  y: 38.0
  z: -414.9798036988763
  yaw: 355.84665
  pitch: 2.907533
