timestamps:
  lastteleport: 1501819170660
  login: 1501819150455
  logout: 1501819178441
lastlocation:
  world: LionHUB
  x: 93.85275567602821
  y: 46.0
  z: -65.09478939714226
  yaw: 170.18675
  pitch: 23.612164
lastAccountName: NIGELDABOSS
ipAddress: 118.208.38.10
socialspy: false
godmode: false
logoutlocation:
  world: MainLobby
  x: 14.66935098942569
  y: 57.0
  z: 0.42300659281641
  yaw: -94.78077
  pitch: 20.454342
