lastlocation:
  world: SkyBlock
  x: 1.0407194049374857
  y: 65.0
  z: 18.474479143474056
  yaw: -2.0194328
  pitch: 17.601002
lastAccountName: kleoolohmera
timestamps:
  login: 1512629234553
  lastteleport: 1512592976170
  logout: 1512629235787
ipAddress: 79.131.178.212
money: '500.0'
logoutlocation:
  world: LionHUB
  x: 943.0195191088159
  y: 38.0
  z: -414.25812266697704
  yaw: -0.9840679
  pitch: -3.3649275
