lastlocation:
  world: LionHUB
  x: 942.8260923938643
  y: 38.0
  z: -363.0413330163556
  yaw: -0.13696289
  pitch: 20.601892
lastAccountName: ThatzJezYT
timestamps:
  login: 1508091361827
  lastteleport: 1508091392305
  logout: 1508091431361
ipAddress: 76.172.55.11
logoutlocation:
  world: MainLobby
  x: 6.829668724987359
  y: 59.0
  z: 2.761678834687059
  yaw: 168.0865
  pitch: -2.1236305
