timestamps:
  lastteleport: 1498823617990
  login: 1498823465457
  logout: 1498823616930
lastlocation:
  world: LionHUB
  x: 20.125699148589966
  y: 65.0
  z: 13.893156398382626
  yaw: -78.04757
  pitch: 10.543392
lastAccountName: ragan24
ipAddress: 36.84.144.103
socialspy: false
logoutlocation:
  world: LionHUB
  x: 30.5
  y: 67.0
  z: 15.5
  yaw: 90.11987
  pitch: -0.34908158
