lastAccountName: WINNER3D
timestamps:
  login: 1505537657361
  logout: 1505537687130
ipAddress: 175.158.225.212
socialspy: false
logoutlocation:
  world: LionHUB
  x: 93.51999108110613
  y: 45.0
  z: -62.30000001192093
  yaw: -1.2632126
  pitch: 11.762165
