socialspy: false
lastAccountName: midogado5062
timestamps:
  login: 1508269300939
  lastteleport: 1505251400049
  logout: 1508269352116
ipAddress: 41.232.141.218
lastlocation:
  world: LionHUB
  x: 942.9814399552884
  y: 38.0
  z: -414.0835668901507
  yaw: 0.46307373
  pitch: 4.701889
logoutlocation:
  world: LionHUB
  x: 942.9629454143464
  y: 37.5
  z: -412.85437579516173
  yaw: 0.46307373
  pitch: 4.701889
