socialspy: false
lastAccountName: MiuKoharu
timestamps:
  login: 1501514018156
  logout: 1501514146789
ipAddress: 115.77.118.144
logoutlocation:
  world: LionHUB
  x: 93.5
  y: 45.07500000000745
  z: -60.5
  yaw: -185.01134
  pitch: 85.799995
