lastlocation:
  world: LionHUB
  x: 745.349347136595
  y: 14.799258637502966
  z: 3607.503146289649
  yaw: -196.75543
  pitch: -3.4500005
lastAccountName: Nakwenda
timestamps:
  login: 1518982865403
  logout: 1518982903500
ipAddress: 185.97.92.95
logoutlocation:
  world: LionHUB
  x: 746.4592455243042
  y: 10.0
  z: 3608.7898504515924
  yaw: -0.10546875
  pitch: -4.859901
