lastlocation:
  world: LionHUB
  x: 760.9030520500347
  y: 5.0
  z: 3648.0935282616324
  yaw: 156.13646
  pitch: 19.598532
lastAccountName: PigsExpert
timestamps:
  login: 1517636405502
  logout: 1517636438528
ipAddress: 124.187.86.72
logoutlocation:
  world: LionHUB
  x: 746.4601311137853
  y: 10.0
  z: 3610.8841884962544
  yaw: -0.10546875
  pitch: -4.859901
