lastlocation:
  world: MainLobby
  x: -0.5335005639400162
  y: 60.0
  z: 0.4691817266242615
  yaw: -89.0
  pitch: 5.1084285
lastAccountName: Larvinator
timestamps:
  login: 1508542298802
  lastteleport: 1508191884388
  logout: 1508542315578
ipAddress: 99.16.255.55
logoutlocation:
  world: MainLobby
  x: -0.5335005639400162
  y: 60.0
  z: 0.4691817266242615
  yaw: -89.0
  pitch: 5.1084285
