lastlocation:
  world: LionHUB
  x: 943.8394306378468
  y: 38.0
  z: -414.96630089853033
  yaw: 270.87234
  pitch: 54.666344
lastAccountName: Aim32
timestamps:
  login: 1513238714658
  lastteleport: 1512722667709
  logout: 1513238727408
ipAddress: 112.198.76.149
money: '500.0'
logoutlocation:
  world: LionHUB
  x: 943.0226250885305
  y: 38.0
  z: -414.64085057737026
  yaw: 87.42207
  pitch: 4.566305
