lastlocation:
  world: LionHUB
  x: 942.9847941585354
  y: 38.0
  z: -414.80756805231493
  yaw: 30.0
  pitch: 4.701889
lastAccountName: Trollface2002
timestamps:
  login: 1510855779135
  logout: 1510855790696
ipAddress: 178.4.64.236
logoutlocation:
  world: LionHUB
  x: 940.7947648435215
  y: 37.5
  z: -406.3372584109777
  yaw: 72.85722
  pitch: -0.9214891
