lastlocation:
  world: LionHUB
  x: 943.558959441308
  y: 38.0
  z: -363.0850526247735
  yaw: 3.5721986
  pitch: 9.966318
lastAccountName: sultanfh
timestamps:
  login: 1510831847887
  logout: 1510831871981
  lastteleport: 1510831864744
ipAddress: 188.55.202.234
logoutlocation:
  world: MainLobby
  x: 21.343049457927343
  y: 58.0
  z: 0.4957335364379105
  yaw: 269.48648
  pitch: 3.726355
