lastlocation:
  world: LionHUB
  x: 942.0197473296724
  y: 38.0
  z: -363.04512613496587
  yaw: 2.4575942
  pitch: 4.300801
lastAccountName: Ginox228
timestamps:
  login: 1515945707043
  lastteleport: 1515945723184
  logout: 1515945754919
ipAddress: 46.148.180.146
money: '0.0'
logoutlocation:
  world: MainLobby
  x: 8.343449719172112
  y: 59.0
  z: 2.197458047610586
  yaw: 85.229095
  pitch: 12.671153
