lastlocation:
  world: Factions
  x: 630.4778745229612
  y: 70.0
  z: -415.2495073408659
  yaw: 335.82422
  pitch: 35.699993
