timestamps:
  lastteleport: 1499901704603
  login: 1499901669684
  logout: 1499901703862
lastlocation:
  world: LionHUB
  x: 93.5
  y: 45.0
  z: -62.5
  yaw: -359.88382
  pitch: -20.032845
socialspy: false
lastAccountName: kPdvX9II6QKDXVac
ipAddress: 173.245.253.178
logoutlocation:
  world: LionHUB
  x: 93.5
  y: 45.0
  z: -62.5
  yaw: -359.88382
  pitch: -20.032845
