socialspy: false
lastAccountName: Murzyn2k17
timestamps:
  login: 1502296906283
  lastteleport: 1502296918954
  logout: 1502296967625
ipAddress: 94.254.132.135
lastlocation:
  world: LionHUB
  x: 93.49969452516234
  y: 45.0
  z: -61.6896271147767
  yaw: 1.2886657
  pitch: -1.4110628
logoutlocation:
  world: MainLobby
  x: 25.97029583546476
  y: 58.0
  z: -1.6999999880790713
  yaw: -186.0636
  pitch: 17.676361
