lastlocation:
  world: LionHUB
  x: 699.1467460038035
  y: 5.766367993957519
  z: 3657.2350397845075
  yaw: -268.6887
  pitch: 13.663613
lastAccountName: DerppyCombo
timestamps:
  login: 1521235281547
  lastteleport: 1521235504647
  kits:
    starter: 1521235328703
  logout: 1521235670772
ipAddress: 2.223.127.112
money: '500.0'
logoutlocation:
  world: LionHUB
  x: 737.6999999880791
  y: 2.0
  z: 3922.1548837461487
  yaw: 303.64594
  pitch: -11.644245
