timestamps:
  lastteleport: 1499901647491
  login: 1499901646276
lastlocation:
  world: LionHUB
  x: 93.5
  y: 45.0
  z: -62.5
  yaw: -359.88382
  pitch: -20.032845
socialspy: false
lastAccountName: Xd7sCkrlVwm72nmZ
ipAddress: 89.249.224.50
logoutlocation:
  world: LionHUB
  x: 93.5
  y: 45.0
  z: -62.5
  yaw: -359.88382
  pitch: -20.032845
