lastAccountName: Francitis
timestamps:
  login: 1501805426143
  logout: 1501805442782
ipAddress: 84.237.207.101
socialspy: false
logoutlocation:
  world: LionHUB
  x: 97.03586934662266
  y: 47.0
  z: -63.80794327303056
  yaw: 156.08855
  pitch: 11.56692
