lastlocation:
  world: Factions
  x: 44.30000001192093
  y: 34.0
  z: 42.51770848100705
  yaw: 240.44156
  pitch: 4.931893
