timestamps:
  lastteleport: 1499901661197
  login: 1499901632143
  logout: 1499901660995
lastlocation:
  world: LionHUB
  x: 93.5
  y: 45.0
  z: -62.5
  yaw: -359.88382
  pitch: -20.032845
lastAccountName: bO7XFigHLExPARK2
ipAddress: 61.135.155.82
socialspy: false
logoutlocation:
  world: LionHUB
  x: 93.5
  y: 45.0
  z: -62.5
  yaw: -359.88382
  pitch: -20.032845
