lastAccountName: wolf0minecraft
timestamps:
  login: 1501412829406
  lastteleport: 1501324928796
  logout: 1501416703179
ipAddress: 109.65.57.153
socialspy: false
lastlocation:
  world: LionHUB
  x: 97.16384041791784
  y: 29.0
  z: -91.72029067661279
  yaw: 2.8589172
  pitch: -81.62422
logoutlocation:
  world: LionHUB
  x: 87.81635773812489
  y: 5.0
  z: -54.02028270596158
  yaw: 82.43869
  pitch: 86.93899
