lastlocation:
  world: LionHUB
  x: 937.90625
  y: 38.0
  z: -415.15625
  yaw: 87.47644
  pitch: 0.4499932
lastAccountName: RandomPPLCOMES
timestamps:
  login: 1515259724738
  logout: 1515259761019
ipAddress: 197.2.247.21
logoutlocation:
  world: LionHUB
  x: 943.0195191088159
  y: 38.0
  z: -414.25812266697704
  yaw: -0.47781372
  pitch: -3.5336792
