lastAccountName: JakeC2004
timestamps:
  login: 1501882234528
  lastteleport: 1501882248367
  logout: 1501882427227
ipAddress: 162.244.126.78
socialspy: false
lastlocation:
  world: MainLobby
  x: 21.192391146706655
  y: 58.0
  z: 1.699999988079071
  yaw: 225.7779
  pitch: 19.196697
logoutlocation:
  world: MainLobby
  x: 24.04671907420799
  y: 58.0
  z: 2.699999988079071
  yaw: -349.90817
  pitch: 60.000015
