lastlocation:
  world: skywars
  x: 97.69999998807907
  y: 150.0
  z: -134.4549868285197
  yaw: 244.86792
  pitch: 10.151515
lastAccountName: xHailsx
timestamps:
  login: 1513736222728
  logout: 1513737001352
ipAddress: 184.59.203.87
money: '500.0'
logoutlocation:
  world: LionHUB
  x: 958.7498126396226
  y: 40.0
  z: -436.049718515918
  yaw: -197.12224
  pitch: 32.702396
