lastlocation:
  world: LionHUB
  x: 942.3322724579521
  y: 38.0
  z: -363.02349133810804
  yaw: -2.4382854
  pitch: 24.982391
lastAccountName: BloodOfRage_YT
timestamps:
  login: 1512291937492
  lastteleport: 1512291951793
  logout: 1512291955652
ipAddress: 83.254.140.119
logoutlocation:
  world: MainLobby
  x: -0.5
  y: 60.0
  z: 0.5
  yaw: -94.72562
  pitch: 4.0086093
money: '0.0'
