lastlocation:
  world: LionHUB
  x: 942.9395244330399
  y: 38.0
  z: -414.9798036988763
  yaw: -4.153345
  pitch: 2.907533
lastAccountName: Stephen_James
timestamps:
  login: 1508111213149
  logout: 1508111237646
ipAddress: 96.48.255.30
logoutlocation:
  world: LionHUB
  x: 954.1263852889015
  y: 38.0
  z: -422.482529696713
  yaw: 255.61299
  pitch: -4.0500045
