lastAccountName: BrqedenMemeGqd
timestamps:
  login: 1507494461828
  lastteleport: 1507494465074
  logout: 1507494580882
ipAddress: 75.140.166.141
socialspy: false
lastlocation:
  world: MainLobby
  x: 19.699999988079078
  y: 57.41999998688698
  z: -0.8680672810312327
  yaw: 292.062
  pitch: 5.3983607
logoutlocation:
  world: UhcMeetup
  x: 164.23642715348936
  y: 70.0155550727022
  z: 134.76938945264953
  yaw: 41.730164
  pitch: 15.249287
