timestamps:
  lastteleport: 1500559406763
  login: 1500559396042
  logout: 1500559404559
lastlocation:
  world: LionHUB
  x: 93.5
  y: 45.0
  z: -62.5
  yaw: -2.7338257
  pitch: -59.332844
socialspy: false
lastAccountName: StikerLP
ipAddress: 117.224.243.165
logoutlocation:
  world: LionHUB
  x: 93.5
  y: 45.0
  z: -62.5
  yaw: -359.88382
  pitch: -20.032845
