timestamps:
  lastteleport: 1499952098508
  login: 1499951583872
  logout: 1499952097005
lastlocation:
  world: MainLobby
  x: 33.502437437538944
  y: 57.0
  z: -14.34834578841848
  yaw: 107.53369
  pitch: -18.128834
lastAccountName: ArabSabunu
ipAddress: 85.96.47.14
socialspy: false
logoutlocation:
  world: LionHUB
  x: 93.5
  y: 45.0
  z: -62.5
  yaw: -359.88382
  pitch: -20.032845
