timestamps:
  lastteleport: 1499901639367
  login: 1499901635464
lastlocation:
  world: LionHUB
  x: 93.35
  y: 45.0
  z: -62.35
  yaw: -359.88382
  pitch: -20.032845
socialspy: false
lastAccountName: vvPsF4CoRqW_vOrj
ipAddress: 51.15.77.123
logoutlocation:
  world: LionHUB
  x: 93.5
  y: 45.0
  z: -62.5
  yaw: -359.88382
  pitch: -20.032845
