lastlocation:
  world: MainLobby
  x: 17.30880846379256
  y: 57.0
  z: 4.181093206017889
  yaw: -74.65327
  pitch: -0.8026153
lastAccountName: L8Scrub
timestamps:
  login: 1517501174723
  lastteleport: 1517501237756
  logout: 1517501888417
ipAddress: 86.141.182.112
money: '500.0'
logoutlocation:
  world: LionHUB
  x: 764.8817067732797
  y: 5.0
  z: 3637.931320523668
  yaw: 1.4285554
  pitch: 11.021644
