lastlocation:
  world: LionHUB
  x: 942.3956111476762
  y: 39.00133597911215
  z: -363.12551168206215
  yaw: 0.75372314
  pitch: 5.274908
lastAccountName: F0rcide
timestamps:
  login: 1512773354245
  lastteleport: 1512773386304
  logout: 1512773441359
ipAddress: 217.39.87.172
money: '0.0'
logoutlocation:
  world: MainLobby
  x: 18.726009645307006
  y: 57.0
  z: -9.584194867708673
  yaw: 259.2544
  pitch: 15.413616
