lastlocation:
  world: skywars
  x: 102.5
  y: 150.0
  z: -129.5
  yaw: -2.2522888
  pitch: -12.645975
lastAccountName: OxGLul
timestamps:
  login: 1512758931287
  lastteleport: 1512758951137
  logout: 1512758987311
ipAddress: 87.113.98.248
money: '500.0'
logoutlocation:
  world: LionHUB
  x: 943.0303801414583
  y: 37.0
  z: -407.3671294519603
  yaw: 0.8508851
  pitch: -6.5534515
