lastlocation:
  world: LionHUB
  x: 746.4592455243042
  y: 10.0
  z: 3608.7898504515924
  yaw: -0.10546875
  pitch: -4.859901
lastAccountName: Datting1
timestamps:
  login: 1518934604784
  logout: 1518934833531
  lastteleport: 1518921507402
ipAddress: 75.173.79.221
logoutlocation:
  world: LionHUB
  x: 852.5596534080341
  y: 5.0
  z: 3713.7099773204436
  yaw: 185.43622
  pitch: -39.02403
money: '500.0'
