lastlocation:
  world: LionHUB
  x: 943.0195191088159
  y: 38.0
  z: -414.25812266697704
  yaw: -0.47781372
  pitch: -3.5336792
lastAccountName: franc09messi
timestamps:
  login: 1511379041819
  lastteleport: 1511378992793
  logout: 1511379211300
ipAddress: 91.51.192.138
logoutlocation:
  world: LionHUB
  x: 943.0710931510384
  y: 36.0
  z: -393.3826119461804
  yaw: 178.40558
  pitch: 19.24487
