lastlocation:
  world: LionHUB
  x: 945.7381551079873
  y: 36.5
  z: -381.5392081505827
  yaw: 358.83017
  pitch: -1.0236046
lastAccountName: Bowich
timestamps:
  login: 1512846083748
  lastteleport: 1512846117499
  kits:
    starter: 1512846148005
  logout: 1512846155617
ipAddress: 176.252.141.139
money: '0.0'
logoutlocation:
  world: Factions
  x: 122.86124529916955
  y: 68.0
  z: -322.34836724507267
  yaw: 12.124715
  pitch: -7.78076
