lastAccountName: SuicideBoys_
timestamps:
  login: 1503799554619
  logout: 1503799774201
  lastteleport: 1503799724844
ipAddress: 75.69.136.242
socialspy: false
logoutlocation:
  world: MainLobby
  x: 18.920716491008193
  y: 57.0
  z: -6.004461522137298
  yaw: -116.074974
  pitch: 7.538065
lastlocation:
  world: LionHUB
  x: 93.56365392714041
  y: 46.0
  z: -95.19429584485918
  yaw: 180.23499
  pitch: 4.6856985
nickname: CatBoys_
