timestamps:
  lastteleport: 1499901731623
  login: 1499901702086
  logout: 1499901729415
lastlocation:
  world: LionHUB
  x: 93.5
  y: 45.0
  z: -62.5
  yaw: -359.88382
  pitch: -20.032845
lastAccountName: m48nYhxZTRiubRwv
ipAddress: 183.239.240.138
socialspy: false
logoutlocation:
  world: LionHUB
  x: 93.5
  y: 45.0
  z: -62.5
  yaw: -359.88382
  pitch: -20.032845
