timestamps:
  lastteleport: 1490972454658
  login: 1490972260029
lastlocation:
  world: MainLobby
  x: 16.14871436435962
  y: 57.0
  z: 0.9101757016005012
  yaw: 273.3193
  pitch: 21.354347
lastAccountName: iProxyDEV
ipAddress: 127.0.0.1
