timestamps:
  lastteleport: 1499841897273
  login: 1499841890464
  logout: 1499841896018
lastlocation:
  world: LionHUB
  x: 93.5
  y: 45.0
  z: -62.5
  yaw: -250.08382
  pitch: -7.1328435
lastAccountName: Stephen
ipAddress: 36.74.246.41
socialspy: false
logoutlocation:
  world: LionHUB
  x: 93.5
  y: 45.0
  z: -62.5
  yaw: -359.88382
  pitch: -20.032845
