lastlocation:
  world: SkyBlock
  x: 0.5
  y: 65.0
  z: 0.5
  yaw: 3.2493286
  pitch: 13.550868
lastAccountName: FireStranded
timestamps:
  login: 1521495956210
  lastteleport: 1521495991842
  logout: 1521496058918
ipAddress: 73.31.98.20
money: '0.0'
logoutlocation:
  world: ASkyBlock
  x: 399.6043782709194
  y: 118.0
  z: -998.5335596777246
  yaw: 341.99997
  pitch: 9.449998
