timestamps:
  lastteleport: 1500600941042
  login: 1500600910434
  logout: 1500600939590
lastlocation:
  world: LionHUB
  x: 93.5
  y: 45.0
  z: -62.5
  yaw: -339.9965
  pitch: 9.749551
lastAccountName: Strawberryjam16
ipAddress: 23.121.210.121
socialspy: false
logoutlocation:
  world: LionHUB
  x: 93.5
  y: 45.0
  z: -62.5
  yaw: -359.88382
  pitch: -20.032845
