lastAccountName: Showerhandle2000
timestamps:
  login: 1502931360643
  lastteleport: 1502931374851
  logout: 1502931601045
ipAddress: 99.16.255.55
socialspy: false
lastlocation:
  world: LionHUB
  x: 95.40896064473934
  y: 46.5
  z: -64.7516424774021
  yaw: 2.6215174
  pitch: 0.4549299
logoutlocation:
  world: MainLobby
  x: 16.91247838770156
  y: 57.0
  z: 0.6010667203235595
  yaw: -238.01273
  pitch: 2.26657
