timestamps:
  lastteleport: 1500052819444
  login: 1502885610272
  logout: 1502885612925
lastlocation:
  world: MainLobby
  x: 30.322161934088115
  y: 57.0
  z: 4.798074814710858
  yaw: 12.246352
  pitch: 9.388203
lastAccountName: CoolBoySpeed
ipAddress: 78.190.253.209
socialspy: false
logoutlocation:
  world: LionHUB
  x: 93.51999108110613
  y: 45.0
  z: -62.30000001192093
  yaw: 7.0946374
  pitch: -8.338996
