lastlocation:
  world: LionHUB
  x: 942.0
  y: 38.0
  z: -415.0
  yaw: 0.0
  pitch: 0.0
lastAccountName: WolfyRC
timestamps:
  login: 1514159713285
  logout: 1514159782332
ipAddress: 188.26.191.155
logoutlocation:
  world: LionHUB
  x: 943.1481366928082
  y: 37.0
  z: -403.19179877817044
  yaw: -2.877814
  pitch: 7.7163234
