lastlocation:
  world: LionHUB
  x: 745.8520078477375
  y: 8.0
  z: 3669.972510314339
  yaw: -13.237244
  pitch: 14.472496
lastAccountName: KASMzs
timestamps:
  login: 1517544592286
  lastteleport: 1517544835716
  logout: 1517544856774
ipAddress: 123.254.43.36
money: '0.0'
logoutlocation:
  world: MainLobby
  x: 12.665550278675576
  y: 58.0
  z: 1.047414183072208
  yaw: 91.13997
  pitch: 10.972311
