lastlocation:
  world: skywars
  x: 102.5
  y: 150.0
  z: -129.5
  yaw: -2.2522888
  pitch: -12.645975
lastAccountName: 999Zoom_fan
timestamps:
  login: 1512686088975
  lastteleport: 1512686208793
  logout: 1512686814509
ipAddress: 90.206.228.220
money: '500.0'
logoutlocation:
  world: LionHUB
  x: 942.7760996646365
  y: 38.0
  z: -415.46503653099467
  yaw: -137.31314
  pitch: 14.97639
