lastAccountName: ElestialHD
timestamps:
  login: 1505713652202
  logout: 1505713666860
  lastteleport: 1505629051354
ipAddress: 36.83.63.177
socialspy: false
logoutlocation:
  world: LionHUB
  x: 93.51999108110613
  y: 45.0
  z: -62.30000001192093
  yaw: 358.7368
  pitch: 11.762165
lastlocation:
  world: LionHUB
  x: 93.13491908087387
  y: 47.0
  z: -47.898583957956426
  yaw: 357.23672
  pitch: -20.787834
money: '300'
