timestamps:
  lastteleport: 1505065483544
  login: 1515252129684
  logout: 1515252174812
lastlocation:
  world: LionHUB
  x: 943.0195191088159
  y: 38.0
  z: -414.25812266697704
  yaw: -1.1098905
  pitch: -4.017032
socialspy: false
lastAccountName: silent_assassin3
ipAddress: 73.26.235.2
logoutlocation:
  world: LionHUB
  x: 940.8205496169805
  y: 37.5
  z: -405.5524153686904
  yaw: -148.53242
  pitch: 20.448065
