lastAccountName: ashspider
timestamps:
  login: 1512263903011
  lastteleport: 1505147152634
  logout: 1512263918308
ipAddress: 174.218.129.95
socialspy: false
lastlocation:
  world: LionHUB
  x: 943.0195191088159
  y: 38.0
  z: -414.25812266697704
  yaw: -0.47781372
  pitch: -3.5336792
logoutlocation:
  world: LionHUB
  x: 947.4797948997151
  y: 37.0
  z: -419.1246971074002
  yaw: -216.3278
  pitch: 15.216317
