lastlocation:
  world: LionHUB
  x: 772.7023078633388
  y: 6.0
  z: 3634.8400545653185
  yaw: 233.44455
  pitch: -2.309914
lastAccountName: ItzMeMonkey
timestamps:
  login: 1521488820806
  lastteleport: 1521401440472
  logout: 1521488859686
ipAddress: 94.0.124.244
money: '500.0'
logoutlocation:
  world: LionHUB
  x: 755.7584288876515
  y: 10.0
  z: 3609.703092264524
  yaw: -198.9292
  pitch: 35.762928
