timestamps:
  lastteleport: 1499901703318
  login: 1499901676645
  logout: 1499901702189
lastlocation:
  world: LionHUB
  x: 93.5
  y: 45.0
  z: -62.5
  yaw: -359.88382
  pitch: -20.032845
lastAccountName: iP6HhoqSl2j7buUm
ipAddress: 183.88.52.113
socialspy: false
logoutlocation:
  world: LionHUB
  x: 93.5
  y: 45.0
  z: -62.5
  yaw: -359.88382
  pitch: -20.032845
