timestamps:
  lastteleport: 1499901647484
  login: 1499901644638
lastlocation:
  world: LionHUB
  x: 93.5
  y: 45.0
  z: -62.5
  yaw: -359.88382
  pitch: -20.032845
socialspy: false
lastAccountName: 1sYehmf7aDuURB_Q
ipAddress: 110.232.72.179
logoutlocation:
  world: LionHUB
  x: 93.5
  y: 45.0
  z: -62.5
  yaw: -359.88382
  pitch: -20.032845
