socialspy: false
lastAccountName: xCrutie
timestamps:
  login: 1504619914251
  lastteleport: 1504619979871
  logout: 1504620064315
ipAddress: 2.134.37.216
lastlocation:
  world: LionHUB
  x: 93.18914839464962
  y: 45.5
  z: -63.69746472602432
  yaw: 53.003517
  pitch: 21.610418
logoutlocation:
  world: Sg
  x: -98.45746211890959
  y: 3.5
  z: 66.05177039188573
  yaw: -339.01614
  pitch: 10.543694
