timestamps:
  lastteleport: 1499901635847
  login: 1499901631158
  logout: 1499901634990
lastlocation:
  world: LionHUB
  x: 93.35
  y: 45.0
  z: -62.35
  yaw: -359.88382
  pitch: -20.032845
lastAccountName: DHPaEyNpjiXJOW1D
ipAddress: 190.141.197.218
socialspy: false
logoutlocation:
  world: LionHUB
  x: 93.5
  y: 45.0
  z: -62.5
  yaw: -359.88382
  pitch: -20.032845
