lastlocation:
  world: FFAnormal
  x: -2.421145458314418
  y: 14.0
  z: 11.854435686904289
  yaw: 278.62585
  pitch: -0.0061377943
lastAccountName: xXBad_DaysXx
timestamps:
  login: 1511719253619
  lastteleport: 1511720824011
  logout: 1511722925203
ipAddress: 46.80.161.27
money: '0.0'
logoutlocation:
  world: FFAnormal
  x: 2.0
  y: 14.0
  z: 5.0
  yaw: 278.62585
  pitch: -0.0061377943
