lastlocation:
  world: LionHUB
  x: 745.4775506953235
  y: 8.10408037809304
  z: 3669.963682382537
  yaw: 4.2742004
  pitch: 40.279068
lastAccountName: invader45talha
timestamps:
  login: 1521460359263
  lastteleport: 1521460403971
  kits:
    starter: 1521377656339
  logout: 1521460427629
ipAddress: 217.164.87.99
money: '0.0'
logoutlocation:
  world: MainLobby
  x: 5.308969243544366
  y: 59.5
  z: 0.07098219945025973
  yaw: -87.861855
  pitch: -0.43333283
