lastlocation:
  world: skywars
  x: 102.54621460381895
  y: 150.0
  z: -126.9185700597699
  yaw: -2.2522888
  pitch: -12.4959755
lastAccountName: emanuelcasalis
timestamps:
  login: 1515963901170
  logout: 1515963972447
  lastteleport: 1515963858633
ipAddress: 181.171.110.194
logoutlocation:
  world: LionHUB
  x: 906.0573002091135
  y: 38.32502770289517
  z: -453.28338888321207
  yaw: 133.3222
  pitch: 0.96632254
money: '500.0'
