lastlocation:
  world: LionHUB
  x: 942.8874660827476
  y: 38.0
  z: -466.9814428024885
  yaw: -180.10765
  pitch: -2.0431108
lastAccountName: HoldLs
timestamps:
  login: 1513039393457
  lastteleport: 1513039440641
  logout: 1513039705456
ipAddress: 70.74.182.22
money: '100.0'
logoutlocation:
  world: Factions
  x: 114.00451867340728
  y: 68.10408037809304
  z: -284.5800189771576
  yaw: 224.61072
  pitch: 37.245975
