lastlocation:
  world: LionHUB
  x: 904.0876213944817
  y: 38.0
  z: -378.590561191073
  yaw: 74.99701
  pitch: 23.732721
lastAccountName: 3151Mehmet
timestamps:
  login: 1507464172870
  lastteleport: 1507464242059
  logout: 1507464248212
ipAddress: 95.65.235.141
socialspy: false
logoutlocation:
  world: MainLobby
  x: 34.44513689033424
  y: 79.0
  z: 486.89359762704976
  yaw: -265.05414
  pitch: 7.753296
