lastlocation:
  world: LionHUB
  x: 746.4592455243042
  y: 10.0
  z: 3608.7898504515924
  yaw: -0.10546875
  pitch: -4.859901
lastAccountName: Lauri222
timestamps:
  login: 1518194141438
  logout: 1518194195718
ipAddress: 146.255.183.203
logoutlocation:
  world: LionHUB
  x: 775.7601669481976
  y: 5.0
  z: 3572.4976011334857
  yaw: 299.16345
  pitch: 0.56739175
