lastlocation:
  world: LionHUB
  x: 942.9395244330399
  y: 38.0
  z: -414.9798036988763
  yaw: -4.153345
  pitch: 2.907533
lastAccountName: jasonbay13
timestamps:
  login: 1508797334053
  logout: 1508797350750
ipAddress: 71.112.137.173
logoutlocation:
  world: LionHUB
  x: 942.9395244330399
  y: 38.0
  z: -414.9798036988763
  yaw: -82.60338
  pitch: 9.80756
