timestamps:
  lastteleport: 1499901704737
  login: 1499901672664
  logout: 1499901703862
lastlocation:
  world: LionHUB
  x: 49.23790120048649
  y: 4.0
  z: -91.5082848756997
  yaw: 92.28638
  pitch: 74.49833
lastAccountName: 9Gve7N24Dq3zMqZw
ipAddress: 185.51.215.229
socialspy: false
logoutlocation:
  world: LionHUB
  x: 93.5
  y: 45.0
  z: -62.5
  yaw: -359.88382
  pitch: -20.032845
