lastlocation:
  world: LionHUB
  x: 943.9376959788785
  y: 38.0
  z: -413.8319448595547
  yaw: -45.022568
  pitch: 9.57259
lastAccountName: GoldTools
timestamps:
  login: 1506863934287
  lastteleport: 1506864067123
  logout: 1506864076072
ipAddress: 218.103.143.245
socialspy: false
logoutlocation:
  world: MainLobby
  x: 2.30616183811929
  y: 60.0
  z: -0.8539454643087191
  yaw: -73.02704
  pitch: 25.002584
