lastAccountName: KAL_2007
timestamps:
  login: 1505782565943
  logout: 1505782845407
ipAddress: 70.215.130.56
socialspy: false
logoutlocation:
  world: LionHUB
  x: 93.8702994446621
  y: 46.0
  z: -55.03401892110931
  yaw: 338.00153
  pitch: 10.39441
