timestamps:
  lastteleport: 1499703017891
  login: 1499702993203
  logout: 1499703015639
lastlocation:
  world: LionHUB
  x: 95.3811923345619
  y: 45.5
  z: -61.9726030559748
  yaw: -339.6086
  pitch: 9.458356
lastAccountName: rasooljamal
ipAddress: 37.77.55.111
socialspy: false
logoutlocation:
  world: LionHUB
  x: 93.5
  y: 45.0
  z: -62.5
  yaw: -359.88382
  pitch: -20.032845
