lastlocation:
  world: KitPvP
  x: 366.6939405885774
  y: 19.813144572363285
  z: -774.5387671199061
  yaw: 93.54996
  pitch: 19.100012
lastAccountName: Jaywalker959
timestamps:
  login: 1517721076176
  lastteleport: 1517721173441
  logout: 1517721367970
ipAddress: 73.40.5.152
money: '0.0'
logoutlocation:
  world: KitPvP
  x: 341.5805830150107
  y: 23.0
  z: -736.248472895211
  yaw: -9.4999695
  pitch: 28.699999
