lastlocation:
  world: LionHUB
  x: 942.9847941585354
  y: 38.0
  z: -414.80756805231493
  yaw: -359.53693
  pitch: 4.701889
lastAccountName: drp14
timestamps:
  login: 1508198444580
  logout: 1508198539043
ipAddress: 189.74.53.193
logoutlocation:
  world: LionHUB
  x: 943.4518144880388
  y: 38.0
  z: -413.7212176410931
  yaw: 355.84665
  pitch: 2.907533
