lastlocation:
  world: LionHUB
  x: 873.4464871798697
  y: 4.0
  z: -143.78976905022535
  yaw: 196.94698
  pitch: 10.083308
lastAccountName: plzgivemetime
timestamps:
  login: 1506554928998
  lastteleport: 1506554998531
  logout: 1506555462635
ipAddress: 108.86.130.104
socialspy: false
logoutlocation:
  world: LionHUB
  x: 97.26722653665828
  y: 46.0
  z: -58.735464505780726
  yaw: 95.05462
  pitch: 23.786257
