timestamps:
  lastteleport: 1498833732371
  login: 1498833695326
  logout: 1498833730842
lastlocation:
  world: LionHUB
  x: 27.926428688710846
  y: 66.5
  z: 15.53452468663454
  yaw: 83.96987
  pitch: 2.2009184
lastAccountName: FrizzyHD
ipAddress: 153.92.139.128
socialspy: false
logoutlocation:
  world: LionHUB
  x: 30.5
  y: 67.0
  z: 15.5
  yaw: 90.11987
  pitch: -0.34908158
