lastAccountName: Crazy_Planner
timestamps:
  login: 1504807684628
  lastteleport: 1504807749893
  logout: 1504807766166
ipAddress: 88.232.225.128
socialspy: false
lastlocation:
  world: LionHUB
  x: 91.95726599900863
  y: 46.0
  z: -90.80827856694957
  yaw: 216.1842
  pitch: 38.892826
logoutlocation:
  world: MainLobby
  x: 22.49402335025608
  y: 78.5
  z: 491.28621260555354
  yaw: 233.27533
  pitch: 50.878983
