socialspy: false
lastAccountName: IchMagDichKaka
timestamps:
  login: 1503057707709
  logout: 1503058657531
ipAddress: 88.76.9.242
lastlocation:
  world: LionHUB
  x: 102.64686149696458
  y: -15.316069813292163
  z: -154.43476989081103
  yaw: 143.18965
  pitch: 2.938962
logoutlocation:
  world: MainLobby
  x: 22.937810291640314
  y: 57.0
  z: 15.998202099562693
  yaw: -156.35254
  pitch: -7.1999626
