lastlocation:
  world: skywars
  x: 102.71195508922075
  y: 151.0155550727022
  z: -130.7354436062035
  yaw: -100.73003
  pitch: 6.562771
lastAccountName: Flux_b12
timestamps:
  login: 1512861686464
  logout: 1512862932760
ipAddress: 74.111.30.152
money: '500.0'
logoutlocation:
  world: LionHUB
  x: 937.8344659168636
  y: 37.0
  z: -412.25459797716496
  yaw: -50.47287
  pitch: -0.2683442
