timestamps:
  lastteleport: 1499901660897
  login: 1499901629113
  logout: 1499901658494
lastlocation:
  world: LionHUB
  x: 93.5
  y: 45.0
  z: -62.5
  yaw: -359.88382
  pitch: -20.032845
socialspy: false
lastAccountName: BemgDqJl7oy0m_Sr
ipAddress: 5.135.166.108
logoutlocation:
  world: LionHUB
  x: 93.5
  y: 45.0
  z: -62.5
  yaw: -359.88382
  pitch: -20.032845
