lastlocation:
  world: LionHUB
  x: 942.9847941585354
  y: 38.0
  z: -414.80756805231493
  yaw: -359.53693
  pitch: 4.701889
socialspy: false
lastAccountName: wolfcrepy
timestamps:
  login: 1507043936593
  logout: 1507043959671
ipAddress: 151.254.63.34
logoutlocation:
  world: LionHUB
  x: 943.918905462979
  y: 38.0
  z: -415.98568211099075
  yaw: 208.16035
  pitch: 55.59359
