lastAccountName: Memati12
timestamps:
  login: 1505556714814
  logout: 1505556727245
ipAddress: 178.233.211.4
socialspy: false
logoutlocation:
  world: LionHUB
  x: 93.50848809898889
  y: 45.0
  z: -62.54658081977909
  yaw: 2.1886656
  pitch: -2.0110629
