timestamps:
  lastteleport: 1505684763304
  login: 1505684722748
  logout: 1505685627217
lastlocation:
  world: LionHUB
  x: 93.77901124429829
  y: 47.0
  z: -47.60392136073506
  yaw: 6.169808
  pitch: -32.584015
lastAccountName: Evenity
ipAddress: 173.25.37.14
socialspy: false
logoutlocation:
  world: MainLobby
  x: 29.48172180661797
  y: 58.0
  z: 0.16725899300717031
  yaw: -78.11879
  pitch: 6.5492225
afk: false
