lastlocation:
  world: LionHUB
  x: 946.6499930233169
  y: 37.0
  z: -449.8805054179401
  yaw: 126.050285
  pitch: 50.083214
lastAccountName: IBims_Julian
timestamps:
  login: 1513448598377
  lastteleport: 1513448812204
  logout: 1513449370742
ipAddress: 93.224.245.235
money: '0.0'
logoutlocation:
  world: Factions
  x: 122.0
  y: 71.0
  z: -312.0
  yaw: 0.0
  pitch: 0.0
