lastlocation:
  world: FFA
  x: 22.07693222685232
  y: 28.0
  z: -715.1693686930345
  yaw: -193.44095
  pitch: 2.7363985
lastAccountName: vankata9119
timestamps:
  login: 1514222638119
  logout: 1514222759372
ipAddress: 82.137.97.13
money: '0.0'
logoutlocation:
  world: FFAnormal
  x: -15.501823469684279
  y: 15.0
  z: 4.164352690190159
  yaw: 119.5613
  pitch: 36.432365
