timestamps:
  lastteleport: 1499901723485
  login: 1499901705075
  logout: 1499901721847
lastlocation:
  world: LionHUB
  x: 93.35
  y: 45.0
  z: -62.35
  yaw: -359.88382
  pitch: -20.032845
lastAccountName: lY3c2pWNEY7QTXhD
ipAddress: 50.63.167.63
socialspy: false
logoutlocation:
  world: LionHUB
  x: 93.5
  y: 45.0
  z: -62.5
  yaw: -359.88382
  pitch: -20.032845
