socialspy: false
lastAccountName: bIduGEi16
timestamps:
  login: 1503799656917
  lastteleport: 1503799587785
  logout: 1503799686491
ipAddress: 24.79.249.72
lastlocation:
  world: LionHUB
  x: 93.52122937466083
  y: 47.0
  z: -47.64824762718603
  yaw: 1.8774686
  pitch: -4.5022817
logoutlocation:
  world: LionHUB
  x: 93.51999108110613
  y: 45.0
  z: -62.30000001192093
  yaw: -1.2632126
  pitch: 11.762165
