lastlocation:
  world: LionHUB
  x: 940.1630865233734
  y: 37.0
  z: -416.0706612264155
  yaw: -32.567596
  pitch: 7.0374107
lastAccountName: XxRazerBGxX
timestamps:
  login: 1511631952360
  lastteleport: 1511632010336
  logout: 1511632059336
ipAddress: 178.169.144.124
money: '0.0'
logoutlocation:
  world: SkyBlock
  x: 135.78307785035682
  y: 66.0
  z: 25.089328030274835
  yaw: 128.7828
  pitch: -3.118103
