lastlocation:
  world: LionHUB
  x: 942.0
  y: 38.0
  z: -415.0
  yaw: 0.0
  pitch: 0.0
lastAccountName: JhonathanGames
timestamps:
  login: 1516288522823
  logout: 1516288597818
ipAddress: 186.251.14.178
logoutlocation:
  world: LionHUB
  x: 943.3356498043596
  y: 38.0
  z: -414.83624703285017
  yaw: 25.922127
  pitch: 18.666283
