lastlocation:
  world: FFASoup
  x: 1.552178013816269
  y: 6.0
  z: 0.24458333936530965
  yaw: 5.907759
  pitch: 12.948491
lastAccountName: ZeroGamingLP
timestamps:
  login: 1511802630782
  lastteleport: 1511719818781
  logout: 1511802710833
ipAddress: 93.238.31.125
money: '0.0'
logoutlocation:
  world: FFASoup
  x: 0.010996963309631486
  y: 6.0
  z: 2.574999988079071
  yaw: 85.35099
  pitch: 28.467575
