lastAccountName: GoldenFire99
timestamps:
  login: 1501825894280
  logout: 1501825908431
ipAddress: 36.82.206.2
socialspy: false
logoutlocation:
  world: LionHUB
  x: 93.50848809898889
  y: 45.0
  z: -62.54658081977909
  yaw: 1.2886657
  pitch: -1.4110628
