lastlocation:
  world: LionHUB
  x: 943.0644037800563
  y: 38.0
  z: -414.69615849648756
  yaw: 358.24664
  pitch: 1.7075297
socialspy: false
lastAccountName: ali_123295
timestamps:
  login: 1507546012002
  lastteleport: 1507204827788
  logout: 1507546057061
ipAddress: 5.246.50.136
logoutlocation:
  world: LionHUB
  x: 943.0972307223316
  y: 37.0
  z: -411.37695418566597
  yaw: 358.24664
  pitch: 1.7075297
