timestamps:
  lastteleport: 1499901734973
  login: 1499901705530
  logout: 1499901734421
lastlocation:
  world: LionHUB
  x: 93.5
  y: 45.0
  z: -62.5
  yaw: -359.88382
  pitch: -20.032845
socialspy: false
lastAccountName: PADhdqLlIicoC6zD
ipAddress: 97.74.230.213
logoutlocation:
  world: LionHUB
  x: 93.5
  y: 45.0
  z: -62.5
  yaw: -359.88382
  pitch: -20.032845
