timestamps:
  lastteleport: 1499901647560
  login: 1499901640990
lastlocation:
  world: LionHUB
  x: 93.5
  y: 45.0
  z: -62.5
  yaw: -359.88382
  pitch: -20.032845
lastAccountName: fbSQBEbDK3Gt_q1t
ipAddress: 115.182.255.234
socialspy: false
logoutlocation:
  world: LionHUB
  x: 93.5
  y: 45.0
  z: -62.5
  yaw: -359.88382
  pitch: -20.032845
