lastAccountName: _FlowYT_
timestamps:
  login: 1504719038580
  lastteleport: 1504692945905
  logout: 1504719066461
ipAddress: 178.134.41.197
socialspy: false
lastlocation:
  world: LionHUB
  x: 93.52337128766521
  y: 45.0
  z: -61.426437230479856
  yaw: -1.4132125
  pitch: 12.662165
logoutlocation:
  world: LionHUB
  x: 93.22400817648285
  y: 47.0
  z: -48.939943445602744
  yaw: -1.8631914
  pitch: 12.062165
