socialspy: false
lastAccountName: 123sbay
timestamps:
  login: 1506719487181
  logout: 1506719635445
ipAddress: 97.83.32.65
logoutlocation:
  world: LionHUB
  x: 94.13114236187735
  y: 46.64829000258445
  z: -61.59983145752203
  yaw: -4.263037
  pitch: 20.312174
lastlocation:
  world: LionHUB
  x: 775.9853892170124
  y: 11.748799525569911
  z: -229.49463245412556
  yaw: -284.64243
  pitch: 47.39996
