lastlocation:
  world: LionHUB
  x: 943.0076578754486
  y: 39.170787077218804
  z: -363.05186423456564
  yaw: 3.992924
  pitch: 6.584305
lastAccountName: TSEPANANANANA
timestamps:
  login: 1515058942474
  lastteleport: 1515058962170
  logout: 1515058980350
ipAddress: 141.237.131.122
money: '0.0'
logoutlocation:
  world: MainLobby
  x: 10.279527868685262
  y: 58.0
  z: 27.699824103256105
  yaw: 92.67085
  pitch: 18.155043
