timestamps:
  lastteleport: 1499901720835
  login: 1499901715971
  logout: 1499901719195
lastlocation:
  world: LionHUB
  x: 93.5
  y: 45.0
  z: -62.5
  yaw: -359.88382
  pitch: -20.032845
lastAccountName: X2lj2KaPueDXIBl8
ipAddress: 37.191.146.151
socialspy: false
logoutlocation:
  world: LionHUB
  x: 93.5
  y: 45.0
  z: -62.5
  yaw: -359.88382
  pitch: -20.032845
