lastlocation:
  world: LionHUB
  x: 1386.6122961976328
  y: 51.0
  z: -414.7191746570838
  yaw: 178.99768
  pitch: 3.7501585
