lastlocation:
  world: LionHUB
  x: 942.5829661729143
  y: 39.24918707874468
  z: -363.0400357004873
  yaw: -18.838196
  pitch: 15.072962
lastAccountName: IxKompxtxnt
timestamps:
  login: 1513344560375
  lastteleport: 1513345040445
  logout: 1513345125215
ipAddress: 79.251.241.222
money: '0.0'
logoutlocation:
  world: MainLobby
  x: 24.69999998807907
  y: 60.0
  z: 2.9395850170386613
  yaw: -254.31409
  pitch: 3.5763533
