lastlocation:
  world: LionHUB
  x: 994.9984144667129
  y: 38.0
  z: -413.94411671856454
  yaw: 265.9051
  pitch: 10.783945
lastAccountName: kylegu
timestamps:
  login: 1514454851677
  lastteleport: 1514454898696
  logout: 1514454911408
ipAddress: 86.125.56.238
money: '0.0'
logoutlocation:
  world: Sg
  x: -100.83815821848606
  y: 5.0
  z: 51.60353448750438
  yaw: -11.595417
  pitch: 5.37303
