lastlocation:
  world: LionHUB
  x: 943.0195191088159
  y: 38.0
  z: -414.25812266697704
  yaw: 94.47219
  pitch: -3.750028
lastAccountName: rfweas
timestamps:
  login: 1514472204517
  logout: 1514472235757
ipAddress: 125.164.40.132
logoutlocation:
  world: LionHUB
  x: 943.0195191088159
  y: 38.0
  z: -414.25812266697704
  yaw: -0.47781372
  pitch: -3.5336792
