lastlocation:
  world: LionHUB
  x: 943.0195191088159
  y: 38.0
  z: -414.25812266697704
  yaw: -0.47781372
  pitch: -3.5336792
lastAccountName: omer12reis
timestamps:
  login: 1510682822795
  logout: 1510682832356
ipAddress: 88.253.255.40
logoutlocation:
  world: LionHUB
  x: 943.0195191088159
  y: 38.0
  z: -414.25812266697704
  yaw: 289.84564
  pitch: 31.734459
