lastAccountName: tangytrevor1
timestamps:
  login: 1506203467780
  lastteleport: 1506203494475
  logout: 1506203570940
ipAddress: 141.8.118.124
socialspy: false
lastlocation:
  world: LionHUB
  x: 93.7406643386601
  y: 46.0
  z: -61.42839404048079
  yaw: -14.576489
  pitch: 3.1993232
logoutlocation:
  world: lobby_practice
  x: 2.6338054214352074
  y: 79.630483459295
  z: -2086.5484838054576
  yaw: -135.6954
  pitch: 37.506496
