timestamps:
  lastteleport: 1498138683758
  login: 1498138633390
  logout: 1498138682654
lastlocation:
  world: LionHUB
  x: -17.86603567778593
  y: 65.0
  z: 28.85048067262972
  yaw: -157.53209
  pitch: 3.5266068
lastAccountName: krukot
ipAddress: 178.219.126.207
socialspy: false
logoutlocation:
  world: LionHUB
  x: 30.5
  y: 67.0
  z: 15.5
  yaw: 90.11987
  pitch: -0.34908158
