timestamps:
  lastteleport: 1499901645897
  login: 1499901642581
lastlocation:
  world: LionHUB
  x: 93.5
  y: 45.0
  z: -62.5
  yaw: -359.88382
  pitch: -20.032845
lastAccountName: o7Ft21CGKmqrm5RP
ipAddress: 192.230.141.238
socialspy: false
logoutlocation:
  world: LionHUB
  x: 93.5
  y: 45.0
  z: -62.5
  yaw: -359.88382
  pitch: -20.032845
