lastlocation:
  world: LionHUB
  x: 952.8440012177804
  y: 53.0
  z: -430.4000862716881
  yaw: -244.66406
  pitch: 20.142393
lastAccountName: arnab1
timestamps:
  login: 1512959559879
  lastteleport: 1512962006646
  logout: 1512962042400
ipAddress: 45.74.76.132
nickname: arnab
logoutlocation:
  world: parkour
  x: 1.8611258131488624
  y: 20.0
  z: -1.7865920270755962
  yaw: -239.17786
  pitch: 21.575645
money: '0.0'
