lastlocation:
  world: LionHUB
  x: 715.3000000119209
  y: 32.0
  z: 3690.699999988079
  yaw: 17.296482
  pitch: -13.402681
lastAccountName: LeqitStoneIsh
timestamps:
  login: 1517846218529
  lastteleport: 1517846293111
  logout: 1517847298739
ipAddress: 79.161.65.111
money: '0.0'
logoutlocation:
  world: MainLobby
  x: -0.5
  y: 60.0
  z: 0.5
  yaw: -90.59151
  pitch: 6.4299426
