lastlocation:
  world: LionHUB
  x: 948.9966215979969
  y: 37.0
  z: -411.92792434511796
  yaw: -64.33807
  pitch: 3.4528491
lastAccountName: swaumpie
timestamps:
  login: 1513111609379
  lastteleport: 1513111618154
  logout: 1513111620019
ipAddress: 73.114.48.104
money: '0.0'
logoutlocation:
  world: MainLobby
  x: 1.9153712865373156
  y: 60.0
  z: 0.5059586798015516
  yaw: -89.79844
  pitch: 1.7659746
