lastlocation:
  world: LionHUB
  x: 742.1426794388608
  y: 11.5
  z: 3601.7364360491392
  yaw: -126.923386
  pitch: 32.69144
lastAccountName: AntiClocker
timestamps:
  login: 1520127903438
  logout: 1520128007712
ipAddress: 43.251.165.126
logoutlocation:
  world: LionHUB
  x: 746.4592455243042
  y: 10.0
  z: 3608.7898504515924
  yaw: -1.6075183
  pitch: -5.289058
