lastlocation:
  world: LionHUB
  x: 906.2207354746854
  y: 38.16312581760054
  z: -452.7739292162545
  yaw: -231.17262
  pitch: 10.519572
lastAccountName: IIsFAwiYT
timestamps:
  login: 1512769133370
  logout: 1512769150356
ipAddress: 37.236.185.13
money: '500.0'
logoutlocation:
  world: LionHUB
  x: 943.0195191088159
  y: 38.7531999805212
  z: -414.25812266697704
  yaw: 269.2346
  pitch: -17.086502
