lastlocation:
  world: LionHUB
  x: 942.8853329924727
  y: 38.0
  z: -363.14517733925743
  yaw: -5.277814
  pitch: 5.1663213
lastAccountName: lorenzo4316
timestamps:
  login: 1514304979261
  lastteleport: 1514304989811
  logout: 1514304992379
ipAddress: 185.168.176.14
money: '0.0'
logoutlocation:
  world: MainLobby
  x: 4.461115707947537
  y: 60.0
  z: 0.3498315067479469
  yaw: -92.313545
  pitch: 5.3763547
