lastlocation:
  world: LionHUB
  x: 942.0
  y: 38.0
  z: -415.0
  yaw: 0.0
  pitch: 0.0
lastAccountName: lukasgaminglt
timestamps:
  login: 1514302029909
  logout: 1514302055167
ipAddress: 78.62.82.114
logoutlocation:
  world: LionHUB
  x: 941.9825288175409
  y: 37.0
  z: -372.80317322890266
  yaw: -184.30371
  pitch: 19.39315
