lastAccountName: Dancetaface1995
timestamps:
  login: 1506127358470
  lastteleport: 1506127645814
  logout: 1506128029797
ipAddress: 110.54.223.226
socialspy: false
lastlocation:
  world: MainLobby
  x: 28.71958348655406
  y: 6.249187078744681
  z: -128.83121354076357
  yaw: 95.35782
  pitch: 35.970383
logoutlocation:
  world: MainLobby
  x: -87.83778810633139
  y: 64.0
  z: -48.06731237091839
  yaw: -83.30162
  pitch: -2.5719247
