lastlocation:
  world: LionHUB
  x: 746.4592455243042
  y: 10.0
  z: 3608.7898504515924
  yaw: -0.10546875
  pitch: -4.859901
lastAccountName: DrReachPvP
timestamps:
  login: 1517943613152
  logout: 1517943750638
ipAddress: 176.24.195.12
logoutlocation:
  world: LionHUB
  x: 757.7726462291257
  y: 6.5
  z: 3598.903617026062
  yaw: 161.14453
  pitch: 7.290104
