lastAccountName: bobohamada
timestamps:
  login: 1502375880318
  logout: 1502375930683
ipAddress: 156.208.116.51
socialspy: false
logoutlocation:
  world: LionHUB
  x: 93.50848809898889
  y: 45.0
  z: -62.54658081977909
  yaw: 1.2886657
  pitch: -1.4110628
