timestamps:
  lastteleport: 1499901678126
  login: 1499901675941
lastlocation:
  world: LionHUB
  x: 49.23790120048649
  y: 4.0
  z: -91.5082848756997
  yaw: 92.28638
  pitch: 74.49833
lastAccountName: ysU2QXAdIOaX4q4q
ipAddress: 101.203.174.209
socialspy: false
logoutlocation:
  world: LionHUB
  x: 49.23790120048649
  y: 4.0
  z: -91.5082848756997
  yaw: 92.28638
  pitch: 74.49833
