timestamps:
  lastteleport: 1499872793483
  login: 1499872460065
  logout: 1499872791831
lastlocation:
  world: MainLobby
  x: 32.41933256955565
  y: 57.0
  z: 5.486896146304767
  yaw: 14.269224
  pitch: 6.5043473
socialspy: false
lastAccountName: MasteraulAngel
ipAddress: 37.211.11.119
logoutlocation:
  world: LionHUB
  x: 93.5
  y: 45.0
  z: -62.5
  yaw: -359.88382
  pitch: -20.032845
