timestamps:
  lastteleport: 1499901633688
  login: 1499901630037
  logout: 1499901630608
lastlocation:
  world: LionHUB
  x: 93.35
  y: 45.0
  z: -62.35
  yaw: -359.88382
  pitch: -20.032845
lastAccountName: l_UpDugBfEzfcwxr
ipAddress: 190.73.149.45
socialspy: false
logoutlocation:
  world: LionHUB
  x: 93.5
  y: 45.0
  z: -62.5
  yaw: -359.88382
  pitch: -20.032845
