timestamps:
  lastteleport: 1499814453821
  login: 1499814354985
  logout: 1499814451818
lastlocation:
  world: MainLobby
  x: 25.223454438443515
  y: 57.0
  z: 6.382800478705144
  yaw: -208.48077
  pitch: 37.554295
lastAccountName: VRobz
socialspy: false
ipAddress: 180.254.81.210
logoutlocation:
  world: LionHUB
  x: 93.5
  y: 45.0
  z: -62.5
  yaw: -359.88382
  pitch: -20.032845
