lastAccountName: SaFa7Yaboooiii
timestamps:
  login: 1501499879976
  logout: 1501499896726
  lastteleport: 1501439018553
ipAddress: 83.219.195.119
socialspy: false
logoutlocation:
  world: LionHUB
  x: 93.14547335383381
  y: 46.0
  z: -56.20082676654784
  yaw: -130.6844
  pitch: 85.003044
lastlocation:
  world: LionHUB
  x: 93.93196709286991
  y: 47.0
  z: -47.80954189407292
  yaw: 0.06022138
  pitch: -11.766526
