lastlocation:
  world: LionHUB
  x: 946.5243294505974
  y: 36.0
  z: -382.052278493011
  yaw: 1.1974987
  pitch: 4.4096117
lastAccountName: iSethay
timestamps:
  login: 1514492871815
  logout: 1514493041293
  lastteleport: 1514492895173
ipAddress: 76.215.44.163
logoutlocation:
  world: Factions
  x: 123.70612282332254
  y: 63.0
  z: -379.03128370606123
  yaw: -178.11606
  pitch: 4.7323647
money: '0.0'
