lastlocation:
  world: LionHUB
  x: 93.51999108110613
  y: 45.0
  z: -62.30000001192093
  yaw: -1.2632126
  pitch: 12.062165
lastAccountName: double_bladed
timestamps:
  login: 1506582079565
  lastteleport: 1506571370094
  logout: 1506582081674
ipAddress: 172.9.170.73
socialspy: false
logoutlocation:
  world: LionHUB
  x: 93.51999108110613
  y: 45.0
  z: -62.30000001192093
  yaw: -1.5632125
  pitch: 11.612165
money: '73604.0'
