timestamps:
  lastteleport: 1499735494256
  login: 1499735421468
  logout: 1499735493802
lastlocation:
  world: MainLobby
  x: 12.30000001192093
  y: 57.0
  z: -2.3699698242013145
  yaw: -250.25
  pitch: -8.75
socialspy: false
lastAccountName: Soymilo
ipAddress: 191.85.182.112
logoutlocation:
  world: LionHUB
  x: 93.5
  y: 45.0
  z: -62.5
  yaw: -359.88382
  pitch: -20.032845
