lastlocation:
  world: LionHUB
  x: 746.4592455243042
  y: 10.0
  z: 3608.7898504515924
  yaw: -0.10546875
  pitch: -4.859901
lastAccountName: rymoeastriver
timestamps:
  login: 1518852435794
  logout: 1518852480370
ipAddress: 83.233.139.71
logoutlocation:
  world: LionHUB
  x: 705.2242885298482
  y: 57.99527501359247
  z: 3598.1213385896503
  yaw: -255.55574
  pitch: -89.399994
