lastlocation:
  world: LionHUB
  x: 746.4592455243042
  y: 10.0
  z: 3608.7898504515924
  yaw: -0.10546875
  pitch: -4.859901
lastAccountName: Rxbpz
timestamps:
  login: 1518283707514
  logout: 1518283721175
ipAddress: 108.83.213.208
logoutlocation:
  world: LionHUB
  x: 748.403681991896
  y: 10.0
  z: 3604.34758463307
  yaw: -67.240036
  pitch: 27.254833
