timestamps:
  lastteleport: 1499901725733
  login: 1499901721846
  logout: 1499901724405
lastlocation:
  world: LionHUB
  x: 93.35
  y: 45.0
  z: -62.35
  yaw: -359.88382
  pitch: -20.032845
socialspy: false
lastAccountName: N_y_CuPomsJjLA4O
ipAddress: 37.191.146.151
logoutlocation:
  world: LionHUB
  x: 93.5
  y: 45.0
  z: -62.5
  yaw: -359.88382
  pitch: -20.032845
