lastlocation:
  world: LionHUB
  x: 746.4592455243042
  y: 10.0
  z: 3608.7898504515924
  yaw: -0.10546875
  pitch: -4.859901
lastAccountName: Darkswordsmen63
timestamps:
  login: 1519236191908
  logout: 1519236294666
ipAddress: 181.141.34.115
logoutlocation:
  world: LionHUB
  x: 798.6542759004051
  y: 5.0
  z: 3601.0223975564613
  yaw: -278.65524
  pitch: -37.199963
