lastlocation:
  world: LionHUB
  x: 943.6736843949645
  y: 37.0
  z: -405.5215576340849
  yaw: 179.91125
  pitch: 23.195013
lastAccountName: TalpNyali2
timestamps:
  login: 1512412248647
  lastteleport: 1511648735303
  logout: 1512412369217
ipAddress: 178.164.181.228
money: '500.0'
logoutlocation:
  world: LionHUB
  x: 943.0218961453091
  y: 38.0
  z: -414.0086332929644
  yaw: 358.11157
  pitch: -1.6836065
