timestamps:
  lastteleport: 1499901708332
  login: 1499901707455
lastlocation:
  world: LionHUB
  x: 93.5
  y: 45.0
  z: -62.5
  yaw: -359.88382
  pitch: -20.032845
lastAccountName: fJCHubjGPgV8anyC
socialspy: false
ipAddress: 180.210.201.54
logoutlocation:
  world: LionHUB
  x: 93.5
  y: 45.0
  z: -62.5
  yaw: -359.88382
  pitch: -20.032845
