lastlocation:
  world: LionHUB
  x: 942.9847941585354
  y: 38.0
  z: -414.80756805231493
  yaw: -359.53693
  pitch: 4.701889
lastAccountName: Edg3Lord
timestamps:
  login: 1511582750118
  logout: 1511582778376
ipAddress: 97.121.51.129
logoutlocation:
  world: LionHUB
  x: 992.9730777777697
  y: 38.0
  z: -414.6260043776019
  yaw: -88.86481
  pitch: 2.8569973
