lastlocation:
  world: TheZone85
  x: -26.300000011920922
  y: 86.0
  z: -116.28477963104226
  yaw: -133.00029
  pitch: -5.100025
lastAccountName: Mackinitup
timestamps:
  login: 1511717208532
  lastteleport: 1511717488488
  logout: 1511718701778
ipAddress: 72.239.30.115
money: '0.0'
logoutlocation:
  world: Sg
  x: -100.30694532544544
  y: 5.0
  z: 45.112742933166196
  yaw: -0.6332821
  pitch: 38.765717
