lastlocation:
  world: LionHUB
  x: 746.4592455243042
  y: 10.0
  z: 3608.7898504515924
  yaw: 8.894539
  pitch: 17.490107
lastAccountName: redspy12345
timestamps:
  login: 1517774779975
  logout: 1517774784589
ipAddress: 94.195.239.164
money: '0.0'
logoutlocation:
  world: MainLobby
  x: 11.38473023579763
  y: 58.0
  z: -2.2058181594609834
  yaw: -153.63202
  pitch: 22.624397
