lastlocation:
  world: LionHUB
  x: 93.51999108110613
  y: 45.0
  z: -62.30000001192093
  yaw: 5.5714364
  pitch: 0.0
lastAccountName: xZitrox
timestamps:
  login: 1506803062160
  logout: 1506803181007
ipAddress: 86.48.38.102
socialspy: false
logoutlocation:
  world: LionHUB
  x: 93.56320523130663
  y: 45.5
  z: -62.264616979941806
  yaw: 198.49052
  pitch: 11.041448
