lastAccountName: Abo3eesa8
timestamps:
  login: 1505527951237
  lastteleport: 1505527997364
  logout: 1505528074467
ipAddress: 51.36.173.15
socialspy: false
lastlocation:
  world: LionHUB
  x: 94.8604163213364
  y: 46.0
  z: -55.73054575635074
  yaw: 206.93866
  pitch: 22.73892
logoutlocation:
  world: MainLobby
  x: 34.69816074514005
  y: 57.0
  z: -3.494105900773964
  yaw: 122.486465
  pitch: 32.976326
