lastlocation:
  world: LionHUB
  x: 92.52053180048162
  y: 46.0
  z: -56.97663269393576
  yaw: -183.52744
  pitch: 2.3995748
socialspy: false
lastAccountName: BoostPls
timestamps:
  login: 1506782942247
  lastteleport: 1506782968405
  logout: 1506783391622
ipAddress: 2.85.144.129
logoutlocation:
  world: MainLobby
  x: 25.78819568702368
  y: 58.0
  z: 0.6459488783293592
  yaw: -89.49414
  pitch: 15.148147
