lastlocation:
  world: LionHUB
  x: 745.7515318554064
  y: 8.393
  z: 3669.9486502623276
  yaw: -3.9325867
  pitch: 3.8329482
money: '0.0'
lastAccountName: RealSlax
timestamps:
  login: 1520882295345
  lastteleport: 1520882346501
  logout: 1520882356988
ipAddress: 90.184.60.152
logoutlocation:
  world: MainLobby
  x: 8.219201549371455
  y: 60.0
  z: -0.2963816261371617
  yaw: -196.69461
  pitch: 78.52911
