socialspy: false
lastAccountName: SolicJeEz
timestamps:
  login: 1506274151581
  lastteleport: 1506274174335
  logout: 1506274687817
ipAddress: 78.0.220.251
lastlocation:
  world: LionHUB
  x: 92.20699129846871
  y: 46.0
  z: -57.18660127670362
  yaw: 6.27082
  pitch: 0.64041233
logoutlocation:
  world: lobby_practice
  x: 525.6072246489167
  y: 5.130999948315377
  z: -3274.030305014681
  yaw: -292.916
  pitch: 28.086763
