lastlocation:
  world: LionHUB
  x: 942.0
  y: 38.0
  z: -415.0
  yaw: 0.0
  pitch: 0.0
lastAccountName: tekasheyy69
timestamps:
  login: 1514751353642
  logout: 1514751372038
ipAddress: 24.211.76.13
logoutlocation:
  world: LionHUB
  x: 943.0096953962956
  y: 38.0
  z: -414.6804675747875
  yaw: -92.877815
  pitch: 35.316334
