lastlocation:
  world: SkyBlock
  x: 8.442359409780309
  y: 64.0
  z: 42.773704435251176
  yaw: -112.50552
  pitch: 15.331041
lastAccountName: _o___________o_
timestamps:
  login: 1517410962356
  lastteleport: 1517411113652
  logout: 1517411116554
ipAddress: 95.223.92.152
money: '0.0'
logoutlocation:
  world: SkyBlock
  x: 0.9728331141386122
  y: 65.0
  z: 6.522499124762497
  yaw: 1.9317768
  pitch: 2.5999618
