lastlocation:
  world: lobby_practice
  x: 612.6999999880791
  y: 35.0
  z: -268.30000001192093
  yaw: -221.0
  pitch: 3.0
lastAccountName: StefanDoet
timestamps:
  login: 1519658091446
  lastteleport: 1519658173121
  logout: 1519658237208
ipAddress: 217.120.95.241
money: '0.0'
logoutlocation:
  world: lobby_practice
  x: 607.4260471463203
  y: 37.5
  z: -269.81560879945755
  yaw: -212.11041
  pitch: -5.6898155
