timestamps:
  lastteleport: 1498422221397
  login: 1498421841026
  logout: 1498422220094
lastlocation:
  world: MainLobby
  x: 6.813612214058452
  y: 60.74918707874468
  z: 0.5262280606585317
  yaw: 297.6405
  pitch: 38.363758
lastAccountName: Nei_
ipAddress: 91.227.224.1
socialspy: false
logoutlocation:
  world: LionHUB
  x: 30.5
  y: 67.0
  z: 15.5
  yaw: 90.11987
  pitch: -0.34908158
