lastAccountName: nimrodapa
timestamps:
  login: 1502899712057
  lastteleport: 1502899586348
  logout: 1502899717263
ipAddress: 87.152.66.4
socialspy: false
lastlocation:
  world: LionHUB
  x: 97.17704666592216
  y: 5.0
  z: -77.04728288032723
  yaw: 8.091957
  pitch: 7.3500037
logoutlocation:
  world: LionHUB
  x: 93.625
  y: 46.0
  z: -57.65625
  yaw: 1.7548012
  pitch: 0.0
