timestamps:
  lastteleport: 1499901701630
  login: 1499901688094
  logout: 1499901698797
lastlocation:
  world: LionHUB
  x: 93.35
  y: 45.0
  z: -62.35
  yaw: -359.88382
  pitch: -20.032845
lastAccountName: xja0pKNQPnG76NbE
ipAddress: 88.225.216.167
socialspy: false
logoutlocation:
  world: LionHUB
  x: 93.5
  y: 45.0
  z: -62.5
  yaw: -359.88382
  pitch: -20.032845
