lastlocation:
  world: skywars
  x: 102.5
  y: 150.0
  z: -129.5
  yaw: -2.2522888
  pitch: -12.645975
lastAccountName: Rey_King
timestamps:
  login: 1511432229081
  logout: 1511432379933
ipAddress: 77.219.85.4
logoutlocation:
  world: LionHUB
  x: 905.1989857678819
  y: 39.24918707874468
  z: -452.69999998807907
  yaw: 123.16322
  pitch: 18.501873
