lastlocation:
  world: LionHUB
  x: 746.264591437652
  y: 8.10408037809304
  z: 3547.1149171946395
  yaw: 180.91135
  pitch: 29.41681
lastAccountName: GANGMEMBERSEAN
timestamps:
  login: 1517534161890
  lastteleport: 1517534284270
  kits:
    starter: 1517534308320
  logout: 1517534347066
ipAddress: 72.193.44.92
money: '0.0'
logoutlocation:
  world: Factions
  x: 113.84982237534703
  y: 68.0
  z: -293.8926614394054
  yaw: 162.08775
  pitch: 3.681816
