lastlocation:
  world: LionHUB
  x: 891.029616057445
  y: 39.09640402201329
  z: -414.31007076350653
  yaw: -266.2369
  pitch: 4.251894
lastAccountName: M00nKnlght
timestamps:
  login: 1510130908014
  lastteleport: 1510131127195
  logout: 1510131379839
ipAddress: 23.116.59.167
logoutlocation:
  world: SkyBlock
  x: 15.471401545135548
  y: 64.5
  z: 0.6139999888091712
  yaw: 40.89936
  pitch: 13.700856
