timestamps:
  lastteleport: 1499901634582
  login: 1499901632164
lastlocation:
  world: LionHUB
  x: 93.5
  y: 45.0
  z: -62.5
  yaw: -359.88382
  pitch: -20.032845
lastAccountName: PUP5BCtmAsbP9WSC
ipAddress: 108.61.4.67
socialspy: false
logoutlocation:
  world: LionHUB
  x: 93.5
  y: 45.0
  z: -62.5
  yaw: -359.88382
  pitch: -20.032845
