lastlocation:
  world: LionHUB
  x: 942.9847941585354
  y: 38.0
  z: -414.80756805231493
  yaw: -359.53693
  pitch: 4.701889
lastAccountName: MaliZeus
timestamps:
  login: 1508776131958
  logout: 1508776136228
ipAddress: 109.60.106.39
logoutlocation:
  world: LionHUB
  x: 942.9847941585354
  y: 38.0
  z: -414.80756805231493
  yaw: 90.0
  pitch: 4.701889
