lastlocation:
  world: LionHUB
  x: 943.0195191088159
  y: 38.0
  z: -414.25812266697704
  yaw: -0.47781372
  pitch: -3.5336792
lastAccountName: hjfd
timestamps:
  login: 1512558670804
  logout: 1512558867173
  lastteleport: 1512557348906
ipAddress: 110.76.129.42
logoutlocation:
  world: LionHUB
  x: 913.0998605274502
  y: 9.0
  z: -411.21790752698655
  yaw: -50.727276
  pitch: -3.7499354
money: '500.0'
