timestamps:
  lastteleport: 1505018756202
  login: 1505527420229
  logout: 1505527434781
  mute: 0
lastlocation:
  world: LionHUB
  x: 93.88107041602815
  y: 47.0
  z: -47.334810998655435
  yaw: 9.686829
  pitch: -0.3878292
lastAccountName: ItzFelix
ipAddress: 180.248.93.168
socialspy: false
logoutlocation:
  world: LionHUB
  x: 93.50848809898889
  y: 45.0
  z: -62.54658081977909
  yaw: 1.2886657
  pitch: -1.4110628
muted: false
afk: false
nickname: Felixxx
