lastlocation:
  world: LionHUB
  x: 943.0195191088159
  y: 38.0
  z: -414.25812266697704
  yaw: -0.47781372
  pitch: -3.5336792
lastAccountName: Larry0G
timestamps:
  login: 1515895212912
  lastteleport: 1515306178615
  logout: 1515896088416
ipAddress: 192.180.88.210
money: '500.0'
logoutlocation:
  world: LionHUB
  x: 971.254624999944
  y: 37.0
  z: -381.3314661634366
  yaw: 30.1044
  pitch: -4.9194975
