lastlocation:
  world: LionHUB
  x: 942.0
  y: 38.0
  z: -415.0
  yaw: 0.0
  pitch: 0.0
lastAccountName: RustyFam
timestamps:
  login: 1516115015566
  logout: 1516115031228
ipAddress: 82.3.140.215
logoutlocation:
  world: LionHUB
  x: 942.0990800323797
  y: 37.0
  z: -402.74742057374283
  yaw: 154.02219
  pitch: -5.1837015
