socialspy: false
lastAccountName: Chqser
timestamps:
  login: 1506263177764
  logout: 1506263253514
ipAddress: 45.58.81.8
logoutlocation:
  world: LionHUB
  x: 93.50611983968003
  y: 45.5
  z: -62.76532921804996
  yaw: 64.58867
  pitch: 87.15
