lastlocation:
  world: ValleysideUniversity
  x: 320.92500001192093
  y: 5.0
  z: 129.37328474768702
  yaw: -333.30295
  pitch: 15.611379
lastAccountName: KAAN5340
timestamps:
  login: 1514816040143
  lastteleport: 1514816067996
  logout: 1514817091872
ipAddress: 95.70.134.177
money: '0.0'
logoutlocation:
  world: Sg
  x: -99.165737341096
  y: 5.0
  z: 45.590398939892935
  yaw: 174.4516
  pitch: 2.5721028
