lastlocation:
  world: lobby_practice
  x: 638.2115211506211
  y: 39.0
  z: -2780.989599075003
  yaw: 148.53671
  pitch: 8.164296
lastAccountName: The_Newt36
timestamps:
  login: 1513486178974
  logout: 1513486899393
  lastteleport: 1513486190785
ipAddress: 76.90.118.12
money: '0.0'
logoutlocation:
  world: MainLobby
  x: 4.743502581752006
  y: 60.0
  z: 0.8590549176947515
  yaw: -228.02428
  pitch: 3.084331
