timestamps:
  lastteleport: 1499901704221
  login: 1499901667847
  logout: 1499901703862
lastlocation:
  world: LionHUB
  x: 49.23790120048649
  y: 4.0
  z: -91.5082848756997
  yaw: 92.28638
  pitch: 74.49833
socialspy: false
lastAccountName: xR2L9go_7gnKp7E1
ipAddress: 173.230.6.186
logoutlocation:
  world: LionHUB
  x: 93.5
  y: 45.0
  z: -62.5
  yaw: -359.88382
  pitch: -20.032845
