lastlocation:
  world: LionHUB
  x: 740.1032457726968
  y: 5.0
  z: 3642.6687247592427
  yaw: 27.944532
  pitch: 16.5901
lastAccountName: Onion_HD
timestamps:
  login: 1520390328942
  lastteleport: 1520390340078
  logout: 1520390345507
ipAddress: 136.62.164.31
money: '0.0'
logoutlocation:
  world: MainLobby
  x: 8.102374157440321
  y: 59.0
  z: -0.8784676568531309
  yaw: 77.18644
  pitch: 12.12636
