lastlocation:
  world: LionHUB
  x: 943.0195191088159
  y: 38.0
  z: -414.25812266697704
  yaw: -0.47781372
  pitch: -3.5336792
lastAccountName: hichem
timestamps:
  login: 1512169734664
  logout: 1512169746509
  lastteleport: 1512169024702
ipAddress: 105.98.93.38
logoutlocation:
  world: LionHUB
  x: 942.8461490529616
  y: 37.0
  z: -406.80124836314195
  yaw: 359.3722
  pitch: -3.5336792
money: '500.0'
