timestamps:
  lastteleport: 1499901642683
  login: 1499901636816
lastlocation:
  world: LionHUB
  x: 93.5
  y: 45.0
  z: -62.5
  yaw: -359.88382
  pitch: -20.032845
socialspy: false
lastAccountName: Mqrcm_KW9vxYr_pr
ipAddress: 61.187.123.141
logoutlocation:
  world: LionHUB
  x: 93.5
  y: 45.0
  z: -62.5
  yaw: -359.88382
  pitch: -20.032845
