timestamps:
  lastteleport: 1499901697692
  login: 1499901667848
  logout: 1499901696139
lastlocation:
  world: LionHUB
  x: 93.5
  y: 45.0
  z: -62.5
  yaw: -359.88382
  pitch: -20.032845
lastAccountName: yXX3d64v6ZDr5ruE
ipAddress: 85.235.173.42
socialspy: false
logoutlocation:
  world: LionHUB
  x: 93.5
  y: 45.0
  z: -62.5
  yaw: -359.88382
  pitch: -20.032845
