lastlocation:
  world: MainLobby
  x: 21.039887965485583
  y: 62.723784271593686
  z: 0.9396230108084936
  yaw: -60.618896
  pitch: 20.196682
lastAccountName: JoSE_BARETTE
timestamps:
  login: 1514995883532
  lastteleport: 1514995900062
  logout: 1514996173998
ipAddress: 79.167.161.43
money: '0.0'
logoutlocation:
  world: MainLobby
  x: -0.5335005639400162
  y: 60.0
  z: 0.46918172662426155
  yaw: -89.0
  pitch: 2.0
