lastAccountName: kolggt
timestamps:
  login: 1502552393483
  logout: 1502552911556
ipAddress: 79.177.137.16
socialspy: false
logoutlocation:
  world: LionHUB
  x: 93.35598724932811
  y: 54.0
  z: -54.92500001192093
  yaw: -189.92938
  pitch: 67.286125
