lastAccountName: Norek11
timestamps:
  login: 1502551158457
  logout: 1502551237745
ipAddress: 46.232.129.130
socialspy: false
logoutlocation:
  world: LionHUB
  x: 92.6071024753395
  y: 46.5
  z: -54.269454840240186
  yaw: 359.6383
  pitch: 10.138945
