lastlocation:
  world: MainLobby
  x: 40.69999998807908
  y: 59.0
  z: -0.7057037316701853
  yaw: -306.0634
  pitch: 18.126339
lastAccountName: ANDREJISPLAYING
timestamps:
  login: 1506878110188
  lastteleport: 1506878150881
  logout: 1506878195594
ipAddress: 77.234.245.19
socialspy: false
logoutlocation:
  world: LionHUB
  x: 936.6491696810879
  y: 37.0
  z: -418.4209286179408
  yaw: 118.09663
  pitch: 12.80753
