lastAccountName: ErxevCM
timestamps:
  login: 1506116263310
  lastteleport: 1506116283135
  logout: 1506116360482
ipAddress: 79.43.170.153
socialspy: false
lastlocation:
  world: LionHUB
  x: 93.87210812816825
  y: 46.0
  z: -57.90987728141948
  yaw: -144.21133
  pitch: 7.050012
logoutlocation:
  world: Sg
  x: -97.20172469660257
  y: 5.0
  z: 46.32269221091097
  yaw: -221.58334
  pitch: -4.2842426
