lastAccountName: GewoonYari
timestamps:
  login: 1504358779603
  lastteleport: 1504358796053
  logout: 1504358844833
ipAddress: 78.23.142.243
socialspy: false
lastlocation:
  world: LionHUB
  x: 95.62250110791983
  y: 47.0
  z: -65.30568430589489
  yaw: 41.488716
  pitch: 14.338937
logoutlocation:
  world: MainLobby
  x: 3.6108489721350026
  y: 60.0
  z: 0.5175912546454225
  yaw: 263.81204
  pitch: 33.326023
