lastlocation:
  world: ASkyBlock
  x: 799.7233489102447
  y: 118.875
  z: 802.3214437534668
  yaw: 171.84135
  pitch: 16.889832
lastAccountName: FeroBoyz
timestamps:
  login: 1508915659579
  logout: 1508916272699
ipAddress: 125.164.139.61
logoutlocation:
  world: ASkyBlock
  x: 800.5
  y: 118.0
  z: 800.5
  yaw: -0.19715095
  pitch: -0.26286793
