lastAccountName: Okiqueen
timestamps:
  login: 1502883395340
  logout: 1502883439690
  lastteleport: 1502883434300
ipAddress: 90.32.250.124
socialspy: false
logoutlocation:
  world: MainLobby
  x: -0.5
  y: 60.0
  z: 0.5
  yaw: -78.213554
  pitch: 13.626365
lastlocation:
  world: LionHUB
  x: 92.8503873225588
  y: 46.0
  z: -60.62202690872403
  yaw: 9.236785
  pitch: 9.812173
