timestamps:
  lastteleport: 1498797869793
  login: 1498797819167
  logout: 1498797868388
lastlocation:
  world: LionHUB
  x: 15.30341317271984
  y: 67.0
  z: 8.474252514604217
  yaw: 287.82016
  pitch: 4.8043485
lastAccountName: hasbiGaming
ipAddress: 202.80.216.111
socialspy: false
logoutlocation:
  world: LionHUB
  x: 30.5
  y: 67.0
  z: 15.5
  yaw: 90.11987
  pitch: -0.34908158
