timestamps:
  lastteleport: 1501139711190
  login: 1501324117361
  logout: 1501324118411
lastlocation:
  world: MainLobby
  x: -48.395508247674975
  y: 103.95382270594945
  z: 124.96300513881162
  yaw: -158.65363
  pitch: 35.886116
lastAccountName: MrPiggy
ipAddress: 93.139.188.151
socialspy: false
logoutlocation:
  world: LionHUB
  x: 93.51999108110613
  y: 45.0
  z: -62.30000001192093
  yaw: -0.9293138
  pitch: 13.264709
