lastlocation:
  world: LionHUB
  x: 756.9400848353054
  y: 8.5
  z: 3616.549095141999
  yaw: -141.40556
  pitch: 29.940088
lastAccountName: o2OP
timestamps:
  login: 1520808882412
  logout: 1520808899413
  lastteleport: 1517698758427
ipAddress: 107.184.28.204
money: '500.0'
logoutlocation:
  world: LionHUB
  x: 749.2536572619595
  y: 10.0
  z: 3608.7166050487012
  yaw: -1.1554685
  pitch: 2.7900999
