lastlocation:
  world: LionHUB
  x: 942.3514618194721
  y: 37.0
  z: -412.5947474351971
  yaw: -144.95842
  pitch: -0.5892316
lastAccountName: DragonDefenders
timestamps:
  login: 1510805389193
  lastteleport: 1510805450647
  logout: 1510805467832
ipAddress: 71.209.166.112
logoutlocation:
  world: SkyBlock
  x: 0.6233187595321452
  y: 65.0
  z: 3.2019491969152707
  yaw: -5.163145
  pitch: 9.625678
