lastlocation:
  world: LionHUB
  x: 946.5602873645423
  y: 37.0
  z: -426.2370454283793
  yaw: -172.4996
  pitch: 27.00007
lastAccountName: Dontox
timestamps:
  login: 1514469205481
  lastteleport: 1514469337981
  logout: 1514469443063
ipAddress: 93.195.161.143
money: '0.0'
logoutlocation:
  world: Factions
  x: 129.72682479475384
  y: 66.0
  z: -299.25222852830007
  yaw: 75.723335
  pitch: -47.250027
