lastlocation:
  world: LionHUB
  x: 942.0
  y: 38.0
  z: -415.0
  yaw: 0.0
  pitch: 0.0
lastAccountName: Daanntdm
timestamps:
  login: 1513952509573
  logout: 1513952518662
ipAddress: 51.37.162.28
logoutlocation:
  world: LionHUB
  x: 936.1970806095541
  y: 37.0
  z: -376.23738711165504
  yaw: 15.122188
  pitch: 2.0163202
