lastlocation:
  world: lobby_practice
  x: 582.4642986150412
  y: 39.94252801654052
  z: -2764.5446749044027
  yaw: 278.4296
  pitch: 50.2281
lastAccountName: xDrakePlayZ
timestamps:
  login: 1508096176455
  lastteleport: 1508096188321
  logout: 1508096304529
ipAddress: 84.85.255.121
logoutlocation:
  world: lobby_practice
  x: 582.4642986150412
  y: 39.94252801654052
  z: -2764.5446749044027
  yaw: 278.4296
  pitch: 50.2281
