lastlocation:
  world: LionHUB
  x: 761.0407039354835
  y: 5.0
  z: 3634.0365196400353
  yaw: -328.0056
  pitch: 3.5401042
lastAccountName: ognes
timestamps:
  login: 1520109278454
  logout: 1520109281787
ipAddress: 78.56.43.188
logoutlocation:
  world: LionHUB
  x: 746.5263777183213
  y: 10.0
  z: 3615.904310659368
  yaw: -76.00547
  pitch: 34.7401
