timestamps:
  lastteleport: 1499534689637
  login: 1499534669712
  logout: 1499534687883
lastlocation:
  world: LionHUB
  x: 93.57335661237386
  y: 44.0
  z: -62.69999998807907
  yaw: -168.6131
  pitch: -12.558492
socialspy: false
lastAccountName: skeppy
ipAddress: 31.208.215.53
logoutlocation:
  world: LionHUB
  x: 93.5
  y: 44.0
  z: -62.5
  yaw: -179.4159
  pitch: 90.0
