lastlocation:
  world: LionHUB
  x: 942.9847941585354
  y: 38.0
  z: -414.80756805231493
  yaw: -359.53693
  pitch: 4.701889
lastAccountName: Arekkusupaddo
timestamps:
  login: 1509059153181
  logout: 1509059310075
ipAddress: 107.210.157.215
logoutlocation:
  world: LionHUB
  x: 1378.090996498254
  y: 38.0
  z: -403.77363220922547
  yaw: 10.523558
  pitch: 15.895955
