lastlocation:
  world: LionHUB
  x: 942.9847941585354
  y: 38.0
  z: -414.80756805231493
  yaw: -359.53693
  pitch: 4.701889
lastAccountName: Kyripton
timestamps:
  login: 1510452812290
  logout: 1510452822806
ipAddress: 24.7.236.100
logoutlocation:
  world: LionHUB
  x: 943.0040295137468
  y: 38.0
  z: -414.454431602444
  yaw: -181.93689
  pitch: 15.501891
