lastAccountName: Strongky
timestamps:
  login: 1506107974056
  lastteleport: 1506108008183
  logout: 1506108363870
ipAddress: 94.214.125.183
socialspy: false
lastlocation:
  world: LionHUB
  x: 96.29043960463872
  y: 46.0
  z: -57.91302401612438
  yaw: -158.61133
  pitch: 7.438937
logoutlocation:
  world: FFA
  x: 13.0
  y: 11.0
  z: -149.0
  yaw: -35.479355
  pitch: 11.748898
