lastAccountName: CraByCrab
timestamps:
  login: 1502717799247
  lastteleport: 1502717820650
  logout: 1502717932492
ipAddress: 118.100.164.215
socialspy: false
lastlocation:
  world: LionHUB
  x: 93.5798405670979
  y: 48.0
  z: -46.69652980977634
  yaw: 5.0096254
  pitch: 0.7431772
logoutlocation:
  world: MainLobby
  x: 20.607974076420547
  y: 58.0
  z: 28.1599635350871
  yaw: -353.18826
  pitch: 31.230406
