timestamps:
  lastteleport: 1499054599096
  login: 1499054544234
  logout: 1499054598942
lastlocation:
  world: LionHUB
  x: 29.45518304337589
  y: 66.5
  z: 16.88880445952181
  yaw: 246.41632
  pitch: 20.110992
lastAccountName: xX_I_PenguinXx
ipAddress: 73.102.4.236
socialspy: false
logoutlocation:
  world: LionHUB
  x: 30.5
  y: 67.0
  z: 15.5
  yaw: 90.11987
  pitch: -0.34908158
