socialspy: false
lastAccountName: ReliePlayz
timestamps:
  login: 1506197571720
  logout: 1506197640127
ipAddress: 45.50.230.194
logoutlocation:
  world: LionHUB
  x: 94.86770000246267
  y: 46.0
  z: -62.611932727572864
  yaw: -285.51138
  pitch: 16.738941
