timestamps:
  lastteleport: 1499901652110
  login: 1499901650165
  logout: 1499901650935
lastlocation:
  world: LionHUB
  x: 93.5
  y: 45.0
  z: -62.5
  yaw: -359.88382
  pitch: -20.032845
socialspy: false
lastAccountName: khx5ni65vrMB0LnL
ipAddress: 178.151.244.207
logoutlocation:
  world: LionHUB
  x: 93.5
  y: 45.0
  z: -62.5
  yaw: -359.88382
  pitch: -20.032845
