lastlocation:
  world: LionHUB
  x: 746.4592455243042
  y: 10.0
  z: 3608.7898504515924
  yaw: -0.10546875
  pitch: -4.859901
lastAccountName: jesseSkyMCPE
timestamps:
  login: 1517526667967
  logout: 1517526712723
ipAddress: 191.163.177.129
logoutlocation:
  world: LionHUB
  x: 746.3979962940143
  y: 10.0
  z: 3612.002140309227
  yaw: -161.0783
  pitch: -1.7879002
