lastlocation:
  world: LionHUB
  x: 942.9847941585354
  y: 38.0
  z: -414.80756805231493
  yaw: -359.53693
  pitch: 4.701889
lastAccountName: Ryan2k17
timestamps:
  login: 1510438305351
  logout: 1510438339356
ipAddress: 86.8.77.109
logoutlocation:
  world: LionHUB
  x: 950.3028157835819
  y: 36.5
  z: -396.7791214995666
  yaw: 48.913322
  pitch: -7.898109
