timestamps:
  lastteleport: 1500889955673
  login: 1500889856836
  logout: 1500889953469
lastlocation:
  world: MainLobby
  x: 0.7386518013166091
  y: 60.0
  z: 0.4765052992511828
  yaw: 63.47342
  pitch: -73.85169
lastAccountName: roflofoot
ipAddress: 37.163.100.190
socialspy: false
logoutlocation:
  world: LionHUB
  x: 93.5
  y: 45.0
  z: -62.5
  yaw: -359.88382
  pitch: -20.032845
