lastlocation:
  world: LionHUB
  x: 739.5026979804265
  y: 6.0
  z: 3589.2632310619288
  yaw: 235.24457
  pitch: 32.34011
lastAccountName: kurochii13
timestamps:
  login: 1517936288108
  lastteleport: 1517271381586
  logout: 1517936419586
ipAddress: 176.27.25.6
money: '500.0'
logoutlocation:
  world: LionHUB
  x: 792.486947780938
  y: 96.0
  z: 3616.8846249693675
  yaw: 265.69464
  pitch: 8.99998
