lastlocation:
  world: LionHUB
  x: 943.0195191088159
  y: 38.0
  z: -414.25812266697704
  yaw: 34.61082
  pitch: 14.894519
lastAccountName: Cuzy
timestamps:
  login: 1512522375856
  lastteleport: 1512522398203
  logout: 1512522433521
ipAddress: 73.166.137.35
money: '0.0'
logoutlocation:
  world: MainLobby
  x: 12.127775358688503
  y: 58.5
  z: -0.7158360514729727
  yaw: 55.151814
  pitch: 2.805736
