lastAccountName: Ayden_Destroyer
timestamps:
  login: 1506224349213
  logout: 1506224391477
ipAddress: 98.124.89.152
socialspy: false
logoutlocation:
  world: LionHUB
  x: 93.85630228099447
  y: 45.5
  z: -62.04889412218173
  yaw: 353.93863
  pitch: 23.488932
