lastlocation:
  world: LionHUB
  x: 935.932752304288
  y: 37.0
  z: -402.32421886790183
  yaw: 85.368416
  pitch: -2.1034362
lastAccountName: DragonSoul7
timestamps:
  login: 1507330281378
  logout: 1507330419759
  lastteleport: 1507330360436
ipAddress: 76.6.74.223
socialspy: false
logoutlocation:
  world: MainLobby
  x: 28.472247313869893
  y: 57.5
  z: 24.991914961984463
  yaw: 55.12487
  pitch: 18.478222
