lastAccountName: MisurDucky
timestamps:
  login: 1508002232974
  lastteleport: 1507494517225
  logout: 1508002234944
  mute: 0
ipAddress: 99.36.184.174
socialspy: false
lastlocation:
  world: LionHUB
  x: 942.9395244330399
  y: 38.0
  z: -414.9798036988763
  yaw: -4.153345
  pitch: 2.907533
logoutlocation:
  world: LionHUB
  x: 942.9395244330399
  y: 38.0
  z: -414.9798036988763
  yaw: -4.153345
  pitch: 2.907533
nickname: StimpayV2
muted: false
