timestamps:
  lastteleport: 1499901704238
  login: 1499901670045
  logout: 1499901703862
lastlocation:
  world: LionHUB
  x: 49.23790120048649
  y: 4.0
  z: -91.5082848756997
  yaw: 92.28638
  pitch: 74.49833
socialspy: false
lastAccountName: oKBeCP_seG2OqYTi
ipAddress: 50.63.167.41
logoutlocation:
  world: LionHUB
  x: 93.5
  y: 45.0
  z: -62.5
  yaw: -359.88382
  pitch: -20.032845
