lastlocation:
  world: LionHUB
  x: 942.9998914545773
  y: 38.0
  z: -414.7713095276379
  yaw: -332.3905
  pitch: 84.657074
lastAccountName: gamer9279
timestamps:
  login: 1516057712347
  logout: 1516057768857
ipAddress: 24.186.51.125
logoutlocation:
  world: LionHUB
  x: 950.1694477118933
  y: 36.0
  z: -445.9022971672478
  yaw: 8.733557
  pitch: 6.063474
