lastAccountName: evantrouble
socialspy: false
timestamps:
  login: 1504222198750
  logout: 1504222218795
ipAddress: 154.20.153.89
logoutlocation:
  world: LionHUB
  x: 94.45250699750844
  y: 47.0
  z: -51.627074667675224
  yaw: 62.18868
  pitch: 11.78893
