lastAccountName: WorthyAura
timestamps:
  login: 1505430299419
  lastteleport: 1505430306552
  logout: 1505430381194
ipAddress: 2.51.43.22
socialspy: false
lastlocation:
  world: LionHUB
  x: 93.49309934479243
  y: 45.0
  z: -61.30000001192093
  yaw: -32.577168
  pitch: 9.303551
logoutlocation:
  world: MainLobby
  x: 8.300000011920927
  y: 58.5
  z: -1.3000000119209318
  yaw: -298.59753
  pitch: -14.084812
