socialspy: false
lastAccountName: Madi_ptv
timestamps:
  login: 1502676966149
  logout: 1502677589084
ipAddress: 36.75.43.73
logoutlocation:
  world: LionHUB
  x: 92.8551271008658
  y: 44.5
  z: -119.31166477725915
  yaw: 7.734436
  pitch: -17.250032
