lastlocation:
  world: LionHUB
  x: 942.9847941585354
  y: 38.0
  z: -414.80756805231493
  yaw: -359.53693
  pitch: 4.701889
lastAccountName: lizzle_uzivert
timestamps:
  login: 1508863641113
  logout: 1508863763093
ipAddress: 92.205.28.37
logoutlocation:
  world: LionHUB
  x: 961.4562049524283
  y: 8.0
  z: -377.28746627330935
  yaw: -107.35336
  pitch: 34.257565
