lastlocation:
  world: LionHUB
  x: 943.0644037800563
  y: 38.0
  z: -414.69615849648756
  yaw: -1.7533569
  pitch: 1.7075297
lastAccountName: RenzoPLayzMC
timestamps:
  login: 1507606410677
  logout: 1507606515429
ipAddress: 203.109.221.210
socialspy: false
logoutlocation:
  world: LionHUB
  x: 942.4953871901984
  y: 38.0
  z: -465.7162039941959
  yaw: -178.95883
  pitch: -10.827828
