lastlocation:
  world: LionHUB
  x: 818.540233296812
  y: 4.0
  z: -424.057059492507
  yaw: 305.67175
  pitch: 68.99999
