timestamps:
  lastteleport: 1499901648736
  login: 1499901642580
lastlocation:
  world: LionHUB
  x: 93.35
  y: 45.0
  z: -62.35
  yaw: -359.88382
  pitch: -20.032845
lastAccountName: YLb1EWUHDO6R9WxV
ipAddress: 5.135.166.108
socialspy: false
logoutlocation:
  world: LionHUB
  x: 93.5
  y: 45.0
  z: -62.5
  yaw: -359.88382
  pitch: -20.032845
