timestamps:
  lastteleport: 1498431452282
  login: 1498431409246
  logout: 1498431450680
lastlocation:
  world: LionHUB
  x: 29.55362048369642
  y: 66.5
  z: 15.63190616799401
  yaw: 33.69696
  pitch: 16.878874
lastAccountName: assasinating
ipAddress: 121.7.97.73
socialspy: false
logoutlocation:
  world: LionHUB
  x: 30.5
  y: 67.0
  z: 15.5
  yaw: 90.11987
  pitch: -0.34908158
