lastlocation:
  world: ASkyBlock
  x: 803.2471923419533
  y: 127.98748135722656
  z: -173.92543314519716
  yaw: -26.977728
  pitch: 22.425722
lastAccountName: Kyo_shii
timestamps:
  login: 1510580394433
  logout: 1510580754414
  lastteleport: 1510580683197
ipAddress: 212.237.120.118
logoutlocation:
  world: LionHUB
  x: 932.6582984079596
  y: 36.5
  z: -452.0697266729522
  yaw: 280.85205
  pitch: 19.005566
