lastlocation:
  world: LionHUB
  x: 746.4592455243042
  y: 10.0
  z: 3608.7898504515924
  yaw: -0.10546875
  pitch: -4.859901
lastAccountName: SpookyMojang
timestamps:
  login: 1517505156733
  logout: 1517505210593
ipAddress: 151.228.144.197
logoutlocation:
  world: LionHUB
  x: 746.5476947163825
  y: 10.0
  z: 3608.5158676200635
  yaw: -0.80340576
  pitch: 1.695874
