timestamps:
  lastteleport: 1499901637877
  login: 1499901635463
lastlocation:
  world: LionHUB
  x: 93.5
  y: 45.0
  z: -62.5
  yaw: -359.88382
  pitch: -20.032845
lastAccountName: jpQaDwAeKsFVOX_m
ipAddress: 68.180.41.142
socialspy: false
logoutlocation:
  world: LionHUB
  x: 93.5
  y: 45.0
  z: -62.5
  yaw: -359.88382
  pitch: -20.032845
