timestamps:
  lastteleport: 1499901723454
  login: 1499901705072
  logout: 1499901721847
lastlocation:
  world: LionHUB
  x: 93.35
  y: 45.0
  z: -62.35
  yaw: -359.88382
  pitch: -20.032845
lastAccountName: keP_KWeaOuy9cVkG
ipAddress: 75.109.200.76
socialspy: false
logoutlocation:
  world: LionHUB
  x: 93.5
  y: 45.0
  z: -62.5
  yaw: -359.88382
  pitch: -20.032845
