socialspy: false
lastAccountName: XxFunky_Alex10
timestamps:
  login: 1503992887339
  logout: 1503992973208
ipAddress: 116.240.145.159
logoutlocation:
  world: FFA
  x: 13.0
  y: 11.0
  z: -149.0
  yaw: 342.72897
  pitch: 11.968985
