lastAccountName: FastGhostYT
timestamps:
  login: 1506435424908
  logout: 1506435443976
ipAddress: 79.220.61.198
socialspy: false
logoutlocation:
  world: LionHUB
  x: 93.70971227097269
  y: 46.0
  z: -93.69999998807907
  yaw: 180.53705
  pitch: -4.437843
