timestamps:
  lastteleport: 1499901704065
  login: 1499901675112
  logout: 1499901703862
lastlocation:
  world: LionHUB
  x: 93.5
  y: 45.0
  z: -62.5
  yaw: -359.88382
  pitch: -20.032845
lastAccountName: wYZ27qqxVLnaKINJ
ipAddress: 173.230.6.186
socialspy: false
logoutlocation:
  world: LionHUB
  x: 93.5
  y: 45.0
  z: -62.5
  yaw: -359.88382
  pitch: -20.032845
