lastlocation:
  world: LionHUB
  x: 93.51999108110613
  y: 45.0
  z: -62.30000001192093
  yaw: 358.7368
  pitch: 11.762165
lastAccountName: yacinOMG
timestamps:
  login: 1506712996909
  logout: 1506713022449
socialspy: false
ipAddress: 83.47.21.124
logoutlocation:
  world: LionHUB
  x: 94.01996818885503
  y: 46.0
  z: -64.63081629201412
  yaw: 6.6868286
  pitch: 20.462158
