lastlocation:
  world: LionHUB
  x: 942.1722624822708
  y: 39.170787077218804
  z: -363.13137492079414
  yaw: 25.198069
  pitch: 5.9415894
lastAccountName: giahuuy
timestamps:
  login: 1508664202194
  lastteleport: 1508664371152
  logout: 1508664382203
ipAddress: 116.111.6.237
logoutlocation:
  world: MainLobby
  x: 18.64249984517822
  y: 57.0
  z: -0.9051768462612608
  yaw: -96.40957
  pitch: 63.81385
