lastlocation:
  world: LionHUB
  x: 943.0539069838394
  y: 38.0
  z: -466.9355905424231
  yaw: -159.6037
  pitch: 17.863585
lastAccountName: Logannnnnn
timestamps:
  login: 1512261594058
  lastteleport: 1512261629489
  logout: 1512261634746
ipAddress: 207.172.245.101
money: '0.0'
logoutlocation:
  world: Factions
  x: 122.52976461686194
  y: 70.0
  z: -318.4002313972299
  yaw: -178.70932
  pitch: 2.703932
