timestamps:
  lastteleport: 1499901653799
  login: 1499901642585
  logout: 1499901653494
lastlocation:
  world: LionHUB
  x: 93.35
  y: 45.0
  z: -62.35
  yaw: -359.88382
  pitch: -20.032845
lastAccountName: hk9CsSEuE8XrsWKD
ipAddress: 218.201.102.54
socialspy: false
logoutlocation:
  world: LionHUB
  x: 93.5
  y: 45.0
  z: -62.5
  yaw: -359.88382
  pitch: -20.032845
