lastAccountName: prinsjepatoe
timestamps:
  login: 1507820462796
  logout: 1507820813839
  lastteleport: 1507426603031
ipAddress: 173.26.153.208
socialspy: false
logoutlocation:
  world: LionHUB
  x: 944.4519146543684
  y: 83.0
  z: -361.30000001192093
  yaw: 315.02728
  pitch: 7.574422
lastlocation:
  world: LionHUB
  x: 942.966955742936
  y: 7.0
  z: -387.1141356475368
  yaw: -152.34464
  pitch: 11.878269
