lastlocation:
  world: FFACombo
  x: 1.6636071337402765
  y: 24.0
  z: 13.350493285517306
  yaw: 56.058643
  pitch: 39.30085
lastAccountName: TomTVnl
timestamps:
  login: 1507148704936
  logout: 1507151473928
  lastteleport: 1507147283412
ipAddress: 84.31.145.101
socialspy: false
logoutlocation:
  world: FFACombo
  x: 1.0
  y: 24.0
  z: 13.0
  yaw: 56.058643
  pitch: 39.30085
