lastlocation:
  world: LionHUB
  x: 942.9847941585354
  y: 38.0
  z: -414.80756805231493
  yaw: 0.46307984
  pitch: 7.401889
lastAccountName: IbimsFinn
timestamps:
  login: 1511881798571
  logout: 1511881813244
ipAddress: 84.158.113.199
logoutlocation:
  world: LionHUB
  x: 943.0211351391653
  y: 38.0
  z: -414.00862337414037
  yaw: 2.9721375
  pitch: 8.016321
