timestamps:
  lastteleport: 1499861444667
  login: 1499861357198
  logout: 1499861443065
lastlocation:
  world: MainLobby
  x: 21.112806831441297
  y: 57.0
  z: -13.993254223637717
  yaw: 32.430637
  pitch: 27.305756
socialspy: false
lastAccountName: BigMacca_
ipAddress: 101.166.141.25
logoutlocation:
  world: LionHUB
  x: 93.5
  y: 45.0
  z: -62.5
  yaw: -359.88382
  pitch: -20.032845
