lastAccountName: LesiowyLesiu
timestamps:
  login: 1502297320278
  lastteleport: 1502297338555
  logout: 1502297370784
ipAddress: 83.25.141.190
socialspy: false
lastlocation:
  world: LionHUB
  x: 93.37250069933211
  y: 47.0
  z: -47.6357014305654
  yaw: -3.7083368
  pitch: -7.1575556
logoutlocation:
  world: MainLobby
  x: 19.316599449049512
  y: 57.5
  z: -2.2144702953077275
  yaw: -100.53205
  pitch: -12.014975
