lastAccountName: woofrags
timestamps:
  login: 1506309779023
  logout: 1506309875926
  lastteleport: 1506309830809
ipAddress: 139.216.244.204
socialspy: false
logoutlocation:
  world: MainLobby
  x: 31.5
  y: 80.0
  z: 489.5
  yaw: -280.9008
  pitch: -31.626244
lastlocation:
  world: LionHUB
  x: 94.9470979064152
  y: 49.0
  z: -45.61256962449267
  yaw: -64.164566
  pitch: 53.965893
