lastlocation:
  world: LionHUB
  x: 942.0
  y: 38.0
  z: -415.0
  yaw: 0.0
  pitch: 0.0
lastAccountName: NICHOLASmodern
timestamps:
  login: 1513737288873
  logout: 1513737512336
ipAddress: 74.111.30.152
logoutlocation:
  world: LionHUB
  x: 963.7655139165773
  y: 33.0
  z: -434.17926031371223
  yaw: -294.9922
  pitch: -13.780349
