timestamps:
  lastteleport: 1499901750733
  login: 1499901720820
  logout: 1499901749431
lastlocation:
  world: LionHUB
  x: 93.5
  y: 45.0
  z: -62.5
  yaw: -359.88382
  pitch: -20.032845
lastAccountName: 7y0BXrZEFW4uWUl9
ipAddress: 122.155.204.188
socialspy: false
logoutlocation:
  world: LionHUB
  x: 93.5
  y: 45.0
  z: -62.5
  yaw: -359.88382
  pitch: -20.032845
