socialspy: false
lastAccountName: Aztech
timestamps:
  login: 1505614893768
  logout: 1505614898433
ipAddress: 173.25.37.14
logoutlocation:
  world: LionHUB
  x: 93.51999108110613
  y: 45.0
  z: -62.30000001192093
  yaw: 358.7368
  pitch: 11.762165
