lastlocation:
  world: LionHUB
  x: 720.3000000119209
  y: 5.0
  z: 3646.5861868958473
  yaw: 132.94507
  pitch: 34.44005
lastAccountName: inwardten204
timestamps:
  login: 1517589287688
  logout: 1517589304790
ipAddress: 5.69.175.181
logoutlocation:
  world: LionHUB
  x: 743.8756283644354
  y: 10.0
  z: 3611.0358059370983
  yaw: -101.20546
  pitch: 14.040105
