lastlocation:
  world: LionHUB
  x: 943.206920955331
  y: 38.0
  z: -363.069796558955
  yaw: 1.0598221
  pitch: -4.1811056
lastAccountName: Just_420
timestamps:
  login: 1512284062435
  lastteleport: 1512284733884
  kits:
    starter: 1512284309433
  logout: 1512284748237
ipAddress: 213.216.252.243
money: '0.0'
logoutlocation:
  world: MainLobby
  x: 12.25312367121596
  y: 57.0
  z: -3.7937387422067115
  yaw: -130.62042
  pitch: 5.301625
