lastlocation:
  world: LionHUB
  x: 942.0
  y: 38.0
  z: -415.0
  yaw: 0.0
  pitch: 0.0
lastAccountName: ItsBedaTV
timestamps:
  login: 1515235209266
  logout: 1515235239480
ipAddress: 37.157.199.187
logoutlocation:
  world: LionHUB
  x: 937.9184963223041
  y: 37.0
  z: -414.8281856427421
  yaw: 128.67215
  pitch: 31.266323
