lastlocation:
  world: LionHUB
  x: 942.6556449082459
  y: 37.0
  z: -410.7621990962045
  yaw: 5.556416
  pitch: 10.371998
