lastlocation:
  world: LionHUB
  x: 943.3590504771521
  y: 38.0
  z: -415.1400437956654
  yaw: -95.35333
  pitch: 23.90753
lastAccountName: balas12
timestamps:
  login: 1508571092215
  logout: 1508571213226
ipAddress: 125.212.121.161
socialspy: false
logoutlocation:
  world: LionHUB
  x: 942.9395244330399
  y: 38.0
  z: -414.9798036988763
  yaw: -4.153345
  pitch: 2.907533
