lastlocation:
  world: LionHUB
  x: 942.0
  y: 38.0
  z: -415.0
  yaw: 0.0
  pitch: 0.0
lastAccountName: DarkerOnSteam
timestamps:
  login: 1513623727387
  logout: 1513623783505
ipAddress: 95.222.26.106
logoutlocation:
  world: LionHUB
  x: 945.4851349738846
  y: 37.5
  z: -412.247450652952
  yaw: 161.37254
  pitch: 7.1163225
