lastlocation:
  world: MainLobby
  x: 8.956765110121946
  y: 60.41259523585207
  z: -2.554750896438219
  yaw: -36.357643
  pitch: 43.174927
lastAccountName: chriswinishacker
timestamps:
  login: 1514994936636
  lastteleport: 1514994956818
  logout: 1514995329559
ipAddress: 79.167.161.43
money: '0.0'
logoutlocation:
  world: MainLobby
  x: -0.5335005639400162
  y: 60.0
  z: 0.46918172662426155
  yaw: -89.0
  pitch: 2.0
