lastAccountName: DegenerateSpark
timestamps:
  login: 1505102308560
  lastteleport: 1505103473206
  logout: 1505103914539
ipAddress: 69.146.176.120
socialspy: false
lastlocation:
  world: LionHUB
  x: 92.81314453923552
  y: 47.0
  z: -48.32226143218503
  yaw: 9.765065
  pitch: 12.830887
logoutlocation:
  world: SkyBlock
  x: 8.981766842939077
  y: 64.0
  z: 52.695565404010615
  yaw: 201.46016
  pitch: 10.630597
