timestamps:
  lastteleport: 1499901639003
  login: 1499901636816
lastlocation:
  world: LionHUB
  x: 93.5
  y: 45.0
  z: -62.5
  yaw: -359.88382
  pitch: -20.032845
socialspy: false
lastAccountName: t_Vmrt67QXRKk_wz
ipAddress: 69.55.29.253
logoutlocation:
  world: LionHUB
  x: 93.5
  y: 45.0
  z: -62.5
  yaw: -359.88382
  pitch: -20.032845
