lastAccountName: IronWolf22
timestamps:
  login: 1504574164085
  lastteleport: 1504574188981
  logout: 1504574200668
ipAddress: 24.235.242.226
socialspy: false
lastlocation:
  world: LionHUB
  x: 93.52171222273319
  y: 45.0
  z: -61.7828331896943
  yaw: -1.2632126
  pitch: 11.762165
logoutlocation:
  world: MainLobby
  x: 20.472886027127082
  y: 58.0
  z: -0.270051739864888
  yaw: -105.51351
  pitch: 4.1999984
