lastlocation:
  world: LionHUB
  x: 93.50848809898889
  y: 45.0
  z: -62.54658081977909
  yaw: 1.2886657
  pitch: -1.4110628
socialspy: false
lastAccountName: babapro281
timestamps:
  login: 1506775975338
  logout: 1506776086862
ipAddress: 176.216.27.242
logoutlocation:
  world: LionHUB
  x: 91.83319236444636
  y: 47.0
  z: -58.736554466889416
  yaw: -9.961366
  pitch: 11.938931
