socialspy: false
lastAccountName: _abright711
timestamps:
  login: 1502738914230
  logout: 1502739067054
ipAddress: 87.143.59.60
logoutlocation:
  world: LionHUB
  x: 93.37936402547466
  y: 47.0
  z: -47.68293237512712
  yaw: 15.450209
  pitch: -0.59999967
