timestamps:
  lastteleport: 1499901649865
  login: 1499901644629
  logout: 1499901648803
lastlocation:
  world: LionHUB
  x: 93.5
  y: 45.0
  z: -62.5
  yaw: -359.88382
  pitch: -20.032845
lastAccountName: KdMhCq12EYU14Iop
ipAddress: 61.7.228.51
socialspy: false
logoutlocation:
  world: LionHUB
  x: 93.5
  y: 45.0
  z: -62.5
  yaw: -359.88382
  pitch: -20.032845
