lastlocation:
  world: LionHUB
  x: 943.8545910152346
  y: 37.0
  z: -402.9886776722203
  yaw: -8.157488
  pitch: -0.27816755
lastAccountName: RoelVoid
timestamps:
  login: 1514375980680
  lastteleport: 1514376025554
  logout: 1514376133918
ipAddress: 89.18.20.178
money: '500.0'
logoutlocation:
  world: LionHUB
  x: 943.0195191088159
  y: 38.0
  z: -414.25812266697704
  yaw: -0.47781372
  pitch: -3.5336792
