socialspy: false
lastAccountName: darkkiller544
timestamps:
  login: 1506786432107
  logout: 1506786435637
ipAddress: 72.53.128.168
logoutlocation:
  world: LionHUB
  x: 93.67012360126098
  y: 46.0
  z: -60.197033814877905
  yaw: -79.81214
  pitch: -10.761609
lastlocation:
  world: LionHUB
  x: 93.51999108110613
  y: 45.0
  z: -62.30000001192093
  yaw: -1.2632126
  pitch: 11.762165
