lastAccountName: thesoup09
socialspy: false
timestamps:
  login: 1505359999432
  logout: 1505360032241
ipAddress: 97.97.46.255
logoutlocation:
  world: LionHUB
  x: 93.00131472837528
  y: 45.5
  z: -62.09527222171366
  yaw: 87.08868
  pitch: 16.438948
