lastlocation:
  world: LionHUB
  x: 942.9395244330399
  y: 38.0
  z: -414.9798036988763
  yaw: -4.153345
  pitch: 2.907533
lastAccountName: gabriele104
timestamps:
  login: 1508877456379
  logout: 1508877546187
ipAddress: 84.15.187.72
logoutlocation:
  world: LionHUB
  x: 951.8609208904719
  y: 37.5
  z: -414.0561207286053
  yaw: 271.46036
  pitch: 30.286366
