lastlocation:
  world: LionHUB
  x: 943.0644037800563
  y: 38.0
  z: -414.69615849648756
  yaw: -1.7533569
  pitch: 1.7075297
lastAccountName: lexiewheels
timestamps:
  login: 1507605299082
  logout: 1507605323853
ipAddress: 174.54.228.231
socialspy: false
logoutlocation:
  world: LionHUB
  x: 942.9847941585354
  y: 38.0
  z: -414.80756805231493
  yaw: -338.237
  pitch: 14.451887
