lastAccountName: ThunderBoltCraft
timestamps:
  login: 1501394259496
  lastteleport: 1501394338921
  logout: 1501396270651
ipAddress: 222.124.67.129
socialspy: false
lastlocation:
  world: MainLobby
  x: 27.65507918057631
  y: 58.0
  z: -0.21969375072822311
  yaw: 260.98148
  pitch: 7.3457727
logoutlocation:
  world: MainLobby
  x: 12.283676794799781
  y: 59.78502770378924
  z: 0.6132588075228494
  yaw: 214.48566
  pitch: 22.78861
