timestamps:
  lastteleport: 1499901639017
  login: 1499901636813
lastlocation:
  world: LionHUB
  x: 93.5
  y: 45.0
  z: -62.5
  yaw: -359.88382
  pitch: -20.032845
lastAccountName: CVNxcNaMrrAPVqzq
socialspy: false
ipAddress: 121.42.147.174
logoutlocation:
  world: LionHUB
  x: 93.5
  y: 45.0
  z: -62.5
  yaw: -359.88382
  pitch: -20.032845
