lastAccountName: Lucapopuca
timestamps:
  login: 1502365465394
  lastteleport: 1502282014336
  logout: 1502365485393
ipAddress: 46.85.231.181
socialspy: false
lastlocation:
  world: LionHUB
  x: 94.02508384123435
  y: 47.0
  z: -47.572603517561916
  yaw: 11.032451
  pitch: -3.383979
logoutlocation:
  world: LionHUB
  x: 93.53593829883903
  y: 46.0
  z: -60.05800466961124
  yaw: -0.37741327
  pitch: 10.795839
