lastlocation:
  world: Sg
  x: -99.502639063081
  y: 5.0
  z: 45.37591395731906
  yaw: -179.81422
  pitch: -9.11572
lastAccountName: EUHCF
timestamps:
  login: 1515266290470
  lastteleport: 1515266518688
  kits:
    starter: 1515266371027
  logout: 1515266536496
ipAddress: 86.29.211.222
money: '500.0'
logoutlocation:
  world: LionHUB
  x: 943.0198693567098
  y: 38.0
  z: -414.15094885538934
  yaw: 356.77054
  pitch: -2.6434698
