lastlocation:
  world: UhcMeetup
  x: 73.19667119952533
  y: 68.0
  z: 147.15766633136704
  yaw: 26.038605
  pitch: 6.803938
lastAccountName: CHRISWIN
timestamps:
  login: 1517166370685
  lastteleport: 1517166447961
  logout: 1517167295014
ipAddress: 141.237.239.141
money: '0.0'
logoutlocation:
  world: MainLobby
  x: -0.5335005639400162
  y: 60.0
  z: 0.4691817266242615
  yaw: -89.0
  pitch: 2.0
