timestamps:
  lastteleport: 1499901705570
  login: 1499901698094
  logout: 1499901703862
lastlocation:
  world: LionHUB
  x: 93.35
  y: 45.0
  z: -62.35
  yaw: -359.88382
  pitch: -20.032845
lastAccountName: e100F6gP8r4Y5PUI
ipAddress: 200.188.151.212
socialspy: false
logoutlocation:
  world: LionHUB
  x: 93.5
  y: 45.0
  z: -62.5
  yaw: -359.88382
  pitch: -20.032845
