lastAccountName: notch
timestamps:
  login: 1506283540053
  logout: 1506283624041
ipAddress: 24.211.76.13
socialspy: false
logoutlocation:
  world: LionHUB
  x: 93.5243127214635
  y: 45.5
  z: -62.0505526946338
  yaw: 193.28662
  pitch: -22.199976
