lastlocation:
  world: LionHUB
  x: 746.4592455243042
  y: 10.0
  z: 3608.7898504515924
  yaw: -0.10546875
  pitch: -4.859901
lastAccountName: Nyate_
timestamps:
  login: 1517958707406
  logout: 1517958715404
ipAddress: 75.111.210.150
logoutlocation:
  world: LionHUB
  x: 746.4592455243042
  y: 10.0
  z: 3608.7898504515924
  yaw: 0.19453125
  pitch: -5.009901
