socialspy: false
lastAccountName: BerkayStylaYT
timestamps:
  login: 1504372061971
  logout: 1504372113871
ipAddress: 88.233.96.71
logoutlocation:
  world: LionHUB
  x: 93.69132605948835
  y: 45.0
  z: -62.00357031038827
  yaw: 0.8693536
  pitch: -28.896006
