timestamps:
  lastteleport: 1499901638996
  login: 1499901636787
lastlocation:
  world: LionHUB
  x: 93.5
  y: 45.0
  z: -62.5
  yaw: -359.88382
  pitch: -20.032845
socialspy: false
lastAccountName: _Ldbx2RNmmAVltDe
ipAddress: 65.50.124.235
logoutlocation:
  world: LionHUB
  x: 93.5
  y: 45.0
  z: -62.5
  yaw: -359.88382
  pitch: -20.032845
