lastlocation:
  world: LionHUB
  x: 934.8238022800102
  y: 37.0
  z: -372.84899253684637
  yaw: -1.6731442
  pitch: 2.9372976
lastAccountName: GUMMYW0RMZ
timestamps:
  login: 1514855844095
  lastteleport: 1514855856729
  kits:
    starter: 1514855876329
  logout: 1514855967903
ipAddress: 99.152.158.167
money: '0.0'
logoutlocation:
  world: Factions
  x: 122.0
  y: 71.0
  z: -312.0
  yaw: 0.0
  pitch: 0.0
