timestamps:
  lastteleport: 1499343683986
  login: 1499343682033
  logout: 1499343682083
lastlocation:
  world: LionHUB
  x: 93.5
  y: 45.0
  z: -62.5
  yaw: -185.54791
  pitch: 12.603511
lastAccountName: S_____________S
ipAddress: 176.205.78.120
socialspy: false
logoutlocation:
  world: LionHUB
  x: 93.5
  y: 45.0
  z: -62.5
  yaw: -179.4159
  pitch: 90.0
