socialspy: false
lastAccountName: brando135
timestamps:
  login: 1504632271107
  logout: 1504633226274
ipAddress: 71.7.189.174
lastlocation:
  world: LionHUB
  x: 93.4921222391524
  y: 46.5
  z: -53.253948082018
  yaw: -2.011258
  pitch: -2.3110714
logoutlocation:
  world: Sg
  x: -99.32693529931855
  y: 5.0
  z: 48.39840027944498
  yaw: -14.739551
  pitch: 15.58398
