lastlocation:
  world: map
  x: -975.5154777656802
  y: 13.0
  z: 282.64808294730017
  yaw: 32.13214
  pitch: -30.831383
lastAccountName: imVeqaZ
timestamps:
  login: 1520083727851
  lastteleport: 1520083827028
  logout: 1520083895109
ipAddress: 88.130.49.163
money: '500.0'
logoutlocation:
  world: LionHUB
  x: 746.461077399123
  y: 10.0
  z: 3615.491529294885
  yaw: 1.149475
  pitch: -3.2912211
