lastlocation:
  world: LionHUB
  x: 942.9067058086385
  y: 38.0
  z: -363.02941503204516
  yaw: 351.9301
  pitch: -4.168054
lastAccountName: johnfena
timestamps:
  login: 1516131281925
  lastteleport: 1516131342315
  logout: 1516131365877
ipAddress: 217.197.137.136
money: '0.0'
logoutlocation:
  world: MainLobby
  x: 30.13641686859147
  y: 57.0
  z: -19.459116287789993
  yaw: -251.33545
  pitch: -3.3661318
