timestamps:
  lastteleport: 1499901652199
  login: 1499901647068
  logout: 1499901650935
lastlocation:
  world: LionHUB
  x: 93.5
  y: 45.0
  z: -62.5
  yaw: -359.88382
  pitch: -20.032845
lastAccountName: fFQFX_5em6TmBB2D
ipAddress: 125.209.72.234
socialspy: false
logoutlocation:
  world: LionHUB
  x: 93.5
  y: 45.0
  z: -62.5
  yaw: -359.88382
  pitch: -20.032845
