lastlocation:
  world: LionHUB
  x: 943.0195191088159
  y: 38.0
  z: -414.25812266697704
  yaw: -0.47781372
  pitch: -3.5336792
lastAccountName: Etorix
timestamps:
  login: 1512198418829
  logout: 1512198430725
ipAddress: 172.222.162.66
logoutlocation:
  world: LionHUB
  x: 952.6392462019156
  y: 40.0
  z: -404.5937238377342
  yaw: 100.339676
  pitch: 22.908289
