timestamps:
  lastteleport: 1499901701849
  login: 1499901676645
  logout: 1499901698797
lastlocation:
  world: LionHUB
  x: 93.5
  y: 45.0
  z: -62.5
  yaw: -359.88382
  pitch: -20.032845
lastAccountName: ElT2z9KyC2JVjIax
socialspy: false
ipAddress: 47.90.85.164
logoutlocation:
  world: LionHUB
  x: 93.5
  y: 45.0
  z: -62.5
  yaw: -359.88382
  pitch: -20.032845
