timestamps:
  lastteleport: 1499605988345
  login: 1499605865119
  logout: 1499605986341
lastlocation:
  world: MainLobby
  x: 1.943096428216562
  y: 60.0
  z: -1.2741211584548147
  yaw: -108.43279
  pitch: 17.081717
socialspy: false
lastAccountName: CsokifaszMC
ipAddress: 176.63.22.4
logoutlocation:
  world: LionHUB
  x: 93.5
  y: 3.0
  z: -62.5
  yaw: -179.4159
  pitch: 90.0
