lastAccountName: xXLaurinaxX
timestamps:
  login: 1504871264288
  lastteleport: 1504139794393
  logout: 1504871375507
ipAddress: 79.252.35.228
socialspy: false
lastlocation:
  world: LionHUB
  x: 93.65702015331772
  y: 47.5
  z: -47.278070027434744
  yaw: 0.8236551
  pitch: -15.116686
logoutlocation:
  world: LionHUB
  x: 93.60878413735905
  y: 45.0
  z: -63.198645079162446
  yaw: 24.671158
  pitch: 14.266427
