timestamps:
  lastteleport: 1499901639023
  login: 1499901636815
lastlocation:
  world: LionHUB
  x: 93.5
  y: 45.0
  z: -62.5
  yaw: -359.88382
  pitch: -20.032845
socialspy: false
lastAccountName: PDsKCWSBFPgmuFQy
ipAddress: 89.249.224.50
logoutlocation:
  world: LionHUB
  x: 93.5
  y: 45.0
  z: -62.5
  yaw: -359.88382
  pitch: -20.032845
