lastAccountName: pressy08
timestamps:
  login: 1504713329331
  lastteleport: 1504713350412
  logout: 1504713964639
ipAddress: 5.69.206.121
socialspy: false
lastlocation:
  world: LionHUB
  x: 93.56747200847894
  y: 46.0
  z: -55.997366362283486
  yaw: -0.06321261
  pitch: 36.21217
logoutlocation:
  world: Sg
  x: -100.41570618970333
  y: 5.0
  z: 46.226369032033546
  yaw: -90.33326
  pitch: 19.265726
