lastlocation:
  world: FFA
  x: 26.224948175209427
  y: 28.0
  z: -714.7145488921755
  yaw: -186.96407
  pitch: 4.998282
lastAccountName: Hugofn
timestamps:
  login: 1520075729101
  lastteleport: 1520075744549
  logout: 1520075811060
ipAddress: 2.110.77.59
money: '0.0'
logoutlocation:
  world: FFACombo
  x: 3.0781590830884564
  y: 24.0
  z: 20.973537197723395
  yaw: -6.4648323
  pitch: 12.43909
