lastAccountName: Tyrant1717
timestamps:
  login: 1502632591440
  logout: 1502632814981
ipAddress: 79.210.128.65
socialspy: false
logoutlocation:
  world: LionHUB
  x: 180.424709732718
  y: 56.24468696995703
  z: 309.9100038239978
  yaw: 160.25935
  pitch: 27.770273
