lastlocation:
  world: ASkyBlock
  x: -206.2465832091867
  y: 120.0
  z: 175.24879920578633
  yaw: 359.24854
  pitch: 66.00001
