lastlocation:
  world: Factions
  x: 90.69999998807904
  y: 65.0
  z: -435.3979191154154
  yaw: -96.67905
  pitch: -2.8163416
