timestamps:
  lastteleport: 1499901681889
  login: 1499901646284
  logout: 1499901680566
lastlocation:
  world: LionHUB
  x: 93.35
  y: 45.0
  z: -62.35
  yaw: -359.88382
  pitch: -20.032845
lastAccountName: HF0fMP4IVbo6krYx
ipAddress: 199.19.183.86
socialspy: false
logoutlocation:
  world: LionHUB
  x: 93.5
  y: 45.0
  z: -62.5
  yaw: -359.88382
  pitch: -20.032845
