lastAccountName: ichika0220
timestamps:
  login: 1504993367525
  lastteleport: 1504992997291
  logout: 1504993473474
ipAddress: 99.16.255.55
socialspy: false
lastlocation:
  world: LionHUB
  x: 93.44844874762417
  y: 48.170787077218804
  z: -47.35646375263442
  yaw: -1.8520159
  pitch: 14.33818
logoutlocation:
  world: LionHUB
  x: 93.51999108110613
  y: 45.0
  z: -62.30000001192093
  yaw: -1.2632126
  pitch: 11.762165
