timestamps:
  lastteleport: 1498997223818
  login: 1498997172250
  logout: 1498997223705
lastlocation:
  world: LionHUB
  x: 28.199487724494702
  y: 66.5
  z: 15.074100225268374
  yaw: -290.15375
  pitch: 46.934925
socialspy: false
lastAccountName: Skankhunt24
ipAddress: 213.127.15.110
logoutlocation:
  world: LionHUB
  x: 30.5
  y: 67.0
  z: 15.5
  yaw: 90.11987
  pitch: -0.34908158
