timestamps:
  lastteleport: 1499901678678
  login: 1499901678024
  logout: 1499901678498
lastlocation:
  world: LionHUB
  x: 49.23790120048649
  y: 4.0
  z: -91.5082848756997
  yaw: 92.28638
  pitch: 74.49833
socialspy: false
lastAccountName: 5AKzQpGqUds9Efe6
ipAddress: 84.238.33.155
logoutlocation:
  world: LionHUB
  x: 49.23790120048649
  y: 4.0
  z: -91.5082848756997
  yaw: 92.28638
  pitch: 74.49833
