timestamps:
  lastteleport: 1499901689082
  login: 1499901670654
  logout: 1499901688008
lastlocation:
  world: LionHUB
  x: 49.23790120048649
  y: 4.0
  z: -91.5082848756997
  yaw: 92.28638
  pitch: 74.49833
lastAccountName: t1iKnNdoBFd_QjEp
ipAddress: 50.30.248.27
socialspy: false
logoutlocation:
  world: LionHUB
  x: 93.5
  y: 45.0
  z: -62.5
  yaw: -359.88382
  pitch: -20.032845
