socialspy: false
lastAccountName: MarkGreed
timestamps:
  login: 1504202697049
  logout: 1504202711236
ipAddress: 45.24.51.219
logoutlocation:
  world: LionHUB
  x: 93.63394609004887
  y: 45.0
  z: -63.69999998807907
  yaw: 14.16337
  pitch: 27.77161
