timestamps:
  lastteleport: 1499901664604
  login: 1499901632147
  logout: 1499901663494
lastlocation:
  world: LionHUB
  x: 93.35
  y: 45.0
  z: -62.35
  yaw: -359.88382
  pitch: -20.032845
lastAccountName: ajpCucRWpUixNqkc
ipAddress: 50.63.167.43
socialspy: false
logoutlocation:
  world: LionHUB
  x: 93.5
  y: 45.0
  z: -62.5
  yaw: -359.88382
  pitch: -20.032845
