lastlocation:
  world: FFA
  x: 32.957268269451994
  y: 17.0
  z: -35.5026818351324
  yaw: -32.87597
  pitch: -90.0
lastAccountName: SyahmiAzman
timestamps:
  login: 1506650924416
  logout: 1506651151416
ipAddress: 219.92.97.223
socialspy: false
logoutlocation:
  world: FFA
  x: 13.0
  y: 11.0
  z: -149.0
  yaw: -32.87597
  pitch: -90.0
