lastlocation:
  world: LionHUB
  x: 891.0819741967114
  y: 38.0
  z: -414.5956436913349
  yaw: 91.96326
  pitch: 30.351896
lastAccountName: hsijwmfskdefzoj
timestamps:
  login: 1510474531333
  lastteleport: 1510474592651
  logout: 1510474613332
ipAddress: 101.180.178.163
logoutlocation:
  world: SkyBlock
  x: 8.388045752070362
  y: 76.0
  z: 80.25361079225384
  yaw: -58.100674
  pitch: 15.650864
