lastAccountName: DuBeatz
timestamps:
  login: 1513385732541
  lastteleport: 1504909450176
  logout: 1513385765893
ipAddress: 99.16.255.55
socialspy: false
lastlocation:
  world: LionHUB
  x: 943.0195191088159
  y: 38.0
  z: -414.25812266697704
  yaw: -0.47781372
  pitch: -3.5336792
logoutlocation:
  world: LionHUB
  x: 944.811064387511
  y: 36.516551501376256
  z: -394.66293341220586
  yaw: 189.18163
  pitch: 28.923111
