lastlocation:
  world: LionHUB
  x: 942.9847941585354
  y: 38.0
  z: -414.80756805231493
  yaw: -2.7982178
  pitch: 6.272171
lastAccountName: Sh4rPxSho0t3R
timestamps:
  login: 1507941870326
  logout: 1507941912196
ipAddress: 98.5.119.162
logoutlocation:
  world: LionHUB
  x: 905.5551230615447
  y: 37.5
  z: -390.0193531400127
  yaw: -144.16147
  pitch: 8.72828
