lastlocation:
  world: SkyBlock
  x: 60.19496906178675
  y: 66.0
  z: 21.560437240832577
  yaw: 271.7494
  pitch: -12.399126
lastAccountName: Maxsiray192
socialspy: false
timestamps:
  login: 1506756559651
  lastteleport: 1506755220023
  logout: 1506755332956
ipAddress: 124.106.138.124
logoutlocation:
  world: LionHUB
  x: 93.51999108110613
  y: 45.0
  z: -62.30000001192093
  yaw: -1.2632126
  pitch: 11.762165
