lastlocation:
  world: LionHUB
  x: 744.9292329129252
  y: 10.0
  z: 3593.3581572561397
  yaw: 1.5619919
  pitch: 25.835375
lastAccountName: Volteam_NyTeks
timestamps:
  login: 1519942974542
  lastteleport: 1516555340453
  logout: 1519943014014
ipAddress: 86.199.37.117
money: '500.0'
logoutlocation:
  world: LionHUB
  x: 720.7584542860031
  y: 5.0
  z: 3588.266168123699
  yaw: 297.105
  pitch: 9.219915
