timestamps:
  lastteleport: 1498422218446
  login: 1498421569105
  logout: 1498422217594
lastlocation:
  world: MainLobby
  x: 13.179732269107836
  y: 58.0
  z: -0.5928432935543955
  yaw: 95.85382
  pitch: 13.404552
lastAccountName: Najzzzz_
ipAddress: 89.102.100.32
socialspy: false
logoutlocation:
  world: LionHUB
  x: 30.5
  y: 67.0
  z: 15.5
  yaw: 90.11987
  pitch: -0.34908158
