lastlocation:
  world: LionHUB
  x: 746.0982526807979
  y: 8.495200877005914
  z: 3669.8429225793648
  yaw: -1.1554681
  pitch: 13.590101
lastAccountName: Supercraft0704
timestamps:
  login: 1517775100139
  logout: 1517775208249
  lastteleport: 1517775157176
ipAddress: 176.115.6.100
logoutlocation:
  world: MainLobby
  x: 25.15777848083242
  y: 57.0
  z: 12.395986948501069
  yaw: -204.8135
  pitch: 16.776352
money: '0.0'
