lastAccountName: KawaiiAtTheDisco
timestamps:
  login: 1505507213251
  logout: 1505507254117
ipAddress: 174.73.119.81
socialspy: false
logoutlocation:
  world: LionHUB
  x: 93.55030615105352
  y: 46.0
  z: -60.41972739473689
  yaw: 185.03868
  pitch: 1.4389368
