timestamps:
  lastteleport: 1499833608572
  login: 1504769509324
  logout: 1504769519606
lastlocation:
  world: LionHUB
  x: 93.5
  y: 45.0
  z: -62.5
  yaw: -57.783752
  pitch: 41.167156
lastAccountName: Grapeapplesauce
ipAddress: 212.237.121.247
socialspy: false
logoutlocation:
  world: LionHUB
  x: 93.03320212369502
  y: 45.5
  z: -62.8989882045287
  yaw: 329.9368
  pitch: 14.612165
