lastlocation:
  world: FFA
  x: 26.893212400539852
  y: 28.0
  z: -715.0568457266514
  yaw: 315.85822
  pitch: 7.06981
lastAccountName: z_Poishii
timestamps:
  login: 1510240753872
  logout: 1510240817256
ipAddress: 5.146.237.231
logoutlocation:
  world: LionHUB
  x: 942.2255905740924
  y: 37.0
  z: -378.62910130463047
  yaw: 178.67256
  pitch: 24.82823
