lastlocation:
  world: ASkyBlock_nether
  x: 849.9842290777768
  y: 140.7804551266107
  z: 1033.8355152407912
  yaw: 82.049286
  pitch: 11.677594
lastAccountName: EFFRFR
timestamps:
  login: 1516644809102
  lastteleport: 1516645856253
  logout: 1516646501727
ipAddress: 79.167.57.118
money: '0.0'
logoutlocation:
  world: ASkyBlock
  x: 805.6825499209573
  y: 128.6891658529364
  z: 1008.5396773290929
  yaw: 163.97896
  pitch: 25.760443
