lastAccountName: Raddude999
timestamps:
  login: 1505672565688
  logout: 1505672650399
ipAddress: 74.72.6.107
socialspy: false
logoutlocation:
  world: LionHUB
  x: 101.69999998807907
  y: 46.0
  z: -67.07499998807907
  yaw: 51.08864
  pitch: 19.738943
