lastlocation:
  world: map
  x: -990.5
  y: 87.0
  z: 275.5
  yaw: -0.36170167
  pitch: -1.8668555
lastAccountName: q3J
timestamps:
  login: 1518978952758
  kits:
    starter: 1517587057487
  logout: 1518979214197
  lastteleport: 1518979181806
ipAddress: 89.236.57.229
money: '0.0'
logoutlocation:
  world: map
  x: -956.9250000119209
  y: 16.559742668370017
  z: 244.1823216484367
  yaw: -106.2449
  pitch: 10.215666
