lastAccountName: TheTuberGaming
timestamps:
  login: 1506564697352
  logout: 1506564710824
ipAddress: 70.48.42.193
socialspy: false
logoutlocation:
  world: LionHUB
  x: 93.57290682223967
  y: 46.5
  z: -52.80947514542904
  yaw: -10.413145
  pitch: 14.16217
lastlocation:
  world: LionHUB
  x: 93.46050201113806
  y: 45.5
  z: -62.02126334569104
  yaw: -9.961341
  pitch: 18.750017
