lastlocation:
  world: LionHUB
  x: 943.4357767639688
  y: 38.0
  z: -363.1452243674421
  yaw: 6.1873064
  pitch: 17.09646
lastAccountName: Y_LEGEND
timestamps:
  login: 1511977219691
  lastteleport: 1511977240510
  logout: 1511977273257
ipAddress: 86.108.33.245
money: '0.0'
logoutlocation:
  world: MainLobby
  x: 2.8754752670362778
  y: 60.0
  z: 0.69247857736928
  yaw: 252.22942
  pitch: 23.702848
