lastlocation:
  world: LionHUB
  x: 938.9374556408532
  y: 37.0
  z: -406.62125159417667
  yaw: 10.6153555
  pitch: 10.615351
lastAccountName: pastordabbs
timestamps:
  login: 1512414352991
  lastteleport: 1512414370899
  logout: 1512414997517
ipAddress: 95.90.215.9
money: '0.0'
logoutlocation:
  world: Factions
  x: 197.69999998807907
  y: 65.0
  z: -483.52400221168836
  yaw: 264.29474
  pitch: 33.656963
