lastAccountName: UnbanMeRNBruh
timestamps:
  login: 1501534114109
  lastteleport: 1501534134012
  logout: 1501534202296
ipAddress: 175.135.60.187
socialspy: false
lastlocation:
  world: LionHUB
  x: 93.48821711681376
  y: 46.0
  z: -60.88207354839146
  yaw: 5.0386662
  pitch: 35.488937
logoutlocation:
  world: MainLobby
  x: 23.107892431478554
  y: 58.00133597911215
  z: -10.950843245756346
  yaw: 50.269203
  pitch: 20.754337
