lastlocation:
  world: LionHUB
  x: 943.0195191088159
  y: 38.0
  z: -414.25812266697704
  yaw: -0.47781372
  pitch: -3.5336792
lastAccountName: Luiql
timestamps:
  login: 1514065711506
  lastteleport: 1513900189562
  logout: 1514065722201
ipAddress: 98.233.70.11
money: '500.0'
logoutlocation:
  world: LionHUB
  x: 943.0195191088159
  y: 38.0
  z: -414.25812266697704
  yaw: 7.4721866
  pitch: 19.71632
