lastlocation:
  world: LionHUB
  x: 942.8514883604975
  y: 38.0
  z: -363.0472163743663
  yaw: 3.413002
  pitch: 21.027065
lastAccountName: Gikinos
timestamps:
  login: 1516476494966
  lastteleport: 1516476526437
  logout: 1516476539442
ipAddress: 5.54.164.148
money: '0.0'
logoutlocation:
  world: MainLobby
  x: 7.604459202784662
  y: 59.0
  z: 1.1066778211628379
  yaw: 247.49286
  pitch: -15.890254
