lastlocation:
  world: LionHUB
  x: 942.0
  y: 38.0
  z: -415.0
  yaw: 0.0
  pitch: 0.0
lastAccountName: MoneyKiller2345
timestamps:
  login: 1512253183690
  logout: 1512253271121
ipAddress: 195.158.65.38
logoutlocation:
  world: LionHUB
  x: 946.0352874447941
  y: 36.5
  z: -444.08555413338473
  yaw: -202.4262
  pitch: 12.688157
