lastlocation:
  world: LionHUB
  x: 746.4592455243042
  y: 10.0
  z: 3608.7898504515924
  yaw: -0.10546875
  pitch: -4.859901
lastAccountName: 20bb2012
timestamps:
  login: 1519188796067
  logout: 1519188864763
ipAddress: 98.216.82.191
logoutlocation:
  world: LionHUB
  x: 790.5183872471744
  y: 121.23849840744394
  z: 3592.2058723264336
  yaw: 165.02173
  pitch: 41.141586
