lastAccountName: MalteB123
timestamps:
  login: 1503584985815
  lastteleport: 1503584990702
  logout: 1503585030141
ipAddress: 81.225.47.111
socialspy: false
lastlocation:
  world: LionHUB
  x: 93.52644536168373
  y: 45.0
  z: -61.66312443095038
  yaw: -1.2632126
  pitch: 11.762165
logoutlocation:
  world: MainLobby
  x: 19.76499130714455
  y: 58.5
  z: -1.2248427840253011
  yaw: 221.39671
  pitch: 19.595205
