timestamps:
  lastteleport: 1499581898422
  login: 1499581873697
  logout: 1499581897968
lastlocation:
  world: LionHUB
  x: 93.5
  y: 44.0
  z: -62.5
  yaw: -109.66581
  pitch: 0.3000005
lastAccountName: ANTO_KEWER
ipAddress: 36.74.246.41
socialspy: false
logoutlocation:
  world: LionHUB
  x: 93.5
  y: 44.0
  z: -62.5
  yaw: -179.4159
  pitch: 90.0
