lastlocation:
  world: LionHUB
  x: 942.9847941585354
  y: 38.0
  z: -414.80756805231493
  yaw: -359.53693
  pitch: 4.701889
lastAccountName: MightiDizaster_
timestamps:
  login: 1507147576414
  logout: 1507147695196
ipAddress: 109.175.98.45
socialspy: false
logoutlocation:
  world: LionHUB
  x: 943.0178124675232
  y: 38.0
  z: -415.1023087064714
  yaw: 27.346497
  pitch: 36.657547
