timestamps:
  lastteleport: 1498563156409
  login: 1498563112993
  logout: 1498563156306
lastlocation:
  world: LionHUB
  x: 15.481046508730447
  y: 65.0
  z: 15.68333644062658
  yaw: 69.869896
  pitch: -27.949064
lastAccountName: SHINYDASH365
ipAddress: 58.179.61.31
socialspy: false
logoutlocation:
  world: LionHUB
  x: 30.5
  y: 67.0
  z: 15.5
  yaw: 90.11987
  pitch: -0.34908158
