lastAccountName: Nidamuzet209
timestamps:
  login: 1502863782946
  logout: 1502863803354
ipAddress: 77.180.14.143
socialspy: false
logoutlocation:
  world: LionHUB
  x: 93.92685685136145
  y: 45.5
  z: -62.05496889559707
  yaw: -213.36122
  pitch: 14.638934
