lastlocation:
  world: LionHUB
  x: 746.037416124355
  y: 10.0
  z: 3609.441287443013
  yaw: -1.0795735
  pitch: -7.343869
lastAccountName: zXToxicityXz
timestamps:
  login: 1519214933514
  lastteleport: 1519214968270
  logout: 1519214997351
ipAddress: 46.32.124.185
money: '0.0'
logoutlocation:
  world: MainLobby
  x: 26.09570840881007
  y: 57.0
  z: -11.041120120278604
  yaw: -148.06757
  pitch: 5.148678
