timestamps:
  lastteleport: 1499901720971
  login: 1499901716195
  logout: 1499901719195
lastlocation:
  world: LionHUB
  x: 93.5
  y: 45.0
  z: -62.5
  yaw: -359.88382
  pitch: -20.032845
lastAccountName: trOLpX6e5vaIfLSl
socialspy: false
ipAddress: 103.10.52.83
logoutlocation:
  world: LionHUB
  x: 93.5
  y: 45.0
  z: -62.5
  yaw: -359.88382
  pitch: -20.032845
