lastAccountName: Peenter
timestamps:
  login: 1504806237402
  logout: 1504806250377
ipAddress: 98.5.119.162
socialspy: false
logoutlocation:
  world: LionHUB
  x: 93.65249901989135
  y: 46.0
  z: -93.69999998807909
  yaw: 195.60495
  pitch: 17.330978
