lastAccountName: SaFa7GaMerYT
timestamps:
  login: 1501850224099
  logout: 1501850229557
ipAddress: 83.219.195.119
socialspy: false
logoutlocation:
  world: LionHUB
  x: 93.52429393482453
  y: 45.0
  z: -62.0505526946338
  yaw: 1.3602295
  pitch: 11.637241
