lastlocation:
  world: LionHUB
  x: 942.9395244330399
  y: 38.0
  z: -414.9798036988763
  yaw: -4.153345
  pitch: 2.907533
lastAccountName: herlol
timestamps:
  login: 1508284798514
ipAddress: 111.125.108.63
logoutlocation:
  world: LionHUB
  x: 942.9847941585354
  y: 38.0
  z: -414.80756805231493
  yaw: -359.53693
  pitch: 4.701889
