lastAccountName: JebacTetki
timestamps:
  login: 1506682318315
  logout: 1506682486957
ipAddress: 82.132.121.2
socialspy: false
logoutlocation:
  world: LionHUB
  x: 95.31674783514941
  y: 47.5
  z: -49.05575288947481
  yaw: -25.776337
  pitch: 5.59351
lastlocation:
  world: skywars
  x: 103.05330753412646
  y: 150.0
  z: -131.84883334705398
  yaw: 352.63544
  pitch: 22.515284
