lastlocation:
  world: LionHUB
  x: 943.0195191088159
  y: 38.0
  z: -414.25812266697704
  yaw: 0.2824641
  pitch: -6.1946516
lastAccountName: bmxomegamaster
timestamps:
  login: 1511657890744
  lastteleport: 1511657715720
  logout: 1511657896207
ipAddress: 98.155.176.233
money: '500.0'
logoutlocation:
  world: LionHUB
  x: 943.0195191088159
  y: 38.0
  z: -414.25812266697704
  yaw: 82.39245
  pitch: 20.034931
