lastAccountName: 2003jagge
timestamps:
  login: 1504198378711
  logout: 1504198384019
ipAddress: 83.248.34.160
socialspy: false
logoutlocation:
  world: LionHUB
  x: 93.80341228330599
  y: 46.0
  z: -60.59750799766451
  yaw: 0.9138938
  pitch: 12.580416
