lastlocation:
  world: MainLobby
  x: 1.1405990229282024
  y: 60.0
  z: -0.6819803751751021
  yaw: -48.06354
  pitch: 4.6263585
lastAccountName: master_ramon
timestamps:
  login: 1510905999432
  lastteleport: 1510904574912
  logout: 1510906002638
ipAddress: 36.71.173.192
logoutlocation:
  world: LionHUB
  x: 943.0195191088159
  y: 38.0
  z: -414.25812266697704
  yaw: -0.47781372
  pitch: -3.5336792
