lastAccountName: TheDoomer123
timestamps:
  login: 1504907717188
  lastteleport: 1504907175258
  logout: 1504907792792
ipAddress: 98.247.4.169
socialspy: false
lastlocation:
  world: LionHUB
  x: 92.67476534097194
  y: 46.0
  z: -59.952103150777965
  yaw: 226.57396
  pitch: 5.1038337
logoutlocation:
  world: LionHUB
  x: 94.28987630629008
  y: 46.0
  z: -60.94512449649485
  yaw: 5.870723
  pitch: 4.7074966
