lastAccountName: IMATOYANER
timestamps:
  login: 1502136937900
  logout: 1502136978572
ipAddress: 93.82.111.2
socialspy: false
logoutlocation:
  world: LionHUB
  x: 93.47143352145692
  y: 45.0
  z: -62.05025798947395
  yaw: 16.691607
  pitch: 17.977295
