lastlocation:
  world: Sg
  x: -99.40771463618148
  y: 5.0
  z: 45.92285178320627
  yaw: -333.7851
  pitch: 3.9778433
lastAccountName: toyin
timestamps:
  login: 1520460118681
  lastteleport: 1520453200686
  kits:
    starter: 1520453154374
  logout: 1520460136613
ipAddress: 24.62.25.118
money: '500.0'
logoutlocation:
  world: LionHUB
  x: 746.9625317916964
  y: 10.0
  z: 3619.364584586969
  yaw: -171.05804
  pitch: 5.353478
