lastlocation:
  world: LionHUB
  x: 943.0195191088159
  y: 38.0
  z: -414.25812266697704
  yaw: -0.47781372
  pitch: -3.5336792
lastAccountName: Zombie_Slayer_44
timestamps:
  login: 1510453244698
  logout: 1510453250579
ipAddress: 24.171.55.49
logoutlocation:
  world: LionHUB
  x: 942.9847941585354
  y: 38.0
  z: -414.80756805231493
  yaw: -359.53693
  pitch: 4.701889
