lastAccountName: SC0RTCH_
timestamps:
  login: 1505714392275
  logout: 1505714404827
ipAddress: 36.83.63.177
socialspy: false
logoutlocation:
  world: LionHUB
  x: 93.50848809898889
  y: 45.0
  z: -62.54658081977909
  yaw: 212.63875
  pitch: -67.861046
