lastlocation:
  world: lobby_practice
  x: 506.58625693426956
  y: 4.0
  z: -3235.0989848136996
  yaw: -104.96407
  pitch: 13.951964
lastAccountName: StickToMe_
timestamps:
  login: 1506565630295
  lastteleport: 1506565474192
  logout: 1506565610760
ipAddress: 138.130.205.16
socialspy: false
logoutlocation:
  world: LionHUB
  x: 93.51999108110613
  y: 45.0
  z: -62.30000001192093
  yaw: -1.2632126
  pitch: 11.762165
