socialspy: false
lastAccountName: imdogbork
timestamps:
  login: 1506289499558
  lastteleport: 1506115249012
  logout: 1506289513345
ipAddress: 208.93.124.5
lastlocation:
  world: Sg
  x: -98.55681568069099
  y: 5.0
  z: 46.22063268022468
  yaw: -159.27844
  pitch: 5.6811585
nickname: §b§lCarson
logoutlocation:
  world: LionHUB
  x: 93.76973172371248
  y: 46.0
  z: -57.32863340083761
  yaw: 175.16037
  pitch: 24.30751
