lastlocation:
  world: LionHUB
  x: 942.0
  y: 38.0
  z: -415.0
  yaw: 0.0
  pitch: 0.0
lastAccountName: AxeManGaming
timestamps:
  login: 1515691986542
  logout: 1515692009696
ipAddress: 46.7.8.176
logoutlocation:
  world: LionHUB
  x: 942.8852621474086
  y: 38.0
  z: -415.13863612175294
  yaw: -88.480965
  pitch: -1.0066926
