lastlocation:
  world: SkyBlock
  x: 0.608531779819597
  y: 65.0
  z: 0.61430467977992
  yaw: 2.8719893
  pitch: 52.461395
lastAccountName: ignifery
timestamps:
  login: 1510656918132
  lastteleport: 1510657069750
  logout: 1510657146641
ipAddress: 119.94.165.59
money: '478'
logoutlocation:
  world: SkyBlock
  x: 2.0000203711816695
  y: 65.0
  z: 1.1103666987550862
  yaw: -350.6589
  pitch: -5.9762163
