lastlocation:
  world: LionHUB
  x: 942.0
  y: 38.0
  z: -415.0
  yaw: 0.0
  pitch: 0.0
lastAccountName: jesseGame_
timestamps:
  login: 1517236067658
  logout: 1517236150194
ipAddress: 191.163.193.188
logoutlocation:
  world: LionHUB
  x: 943.900319817187
  y: 38.45731887606331
  z: -386.7337002684285
  yaw: 99.0166
  pitch: -2.7551947
