timestamps:
  lastteleport: 1499743097932
  login: 1499743087277
  logout: 1499743095778
lastlocation:
  world: LionHUB
  x: 93.5
  y: 45.0
  z: -62.5
  yaw: -1.2337646
  pitch: 21.217152
socialspy: false
lastAccountName: SemutHitam
ipAddress: 36.74.246.41
logoutlocation:
  world: LionHUB
  x: 93.5
  y: 45.0
  z: -62.5
  yaw: -359.88382
  pitch: -20.032845
