lastlocation:
  world: LionHUB
  x: 746.4592455243042
  y: 10.0
  z: 3608.7898504515924
  yaw: -0.10546875
  pitch: -4.859901
lastAccountName: genrlzd
timestamps:
  login: 1520553203242
  logout: 1520553227825
ipAddress: 72.178.236.242
logoutlocation:
  world: LionHUB
  x: 753.2336481418888
  y: 5.0
  z: 3651.8950700877003
  yaw: 26.85686
  pitch: 1.8180748
