timestamps:
  lastteleport: 1499901683070
  login: 1499901682783
  logout: 1499901682902
lastlocation:
  world: LionHUB
  x: 49.23790120048649
  y: 4.0
  z: -91.5082848756997
  yaw: 92.28638
  pitch: 74.49833
socialspy: false
lastAccountName: xW0G_WdlZWo2CEA8
ipAddress: 196.15.135.74
logoutlocation:
  world: LionHUB
  x: 49.23790120048649
  y: 4.0
  z: -91.5082848756997
  yaw: 92.28638
  pitch: 74.49833
