lastAccountName: LE_pvp77
timestamps:
  login: 1505920603023
  lastteleport: 1503316331011
  logout: 1505920751240
ipAddress: 78.224.252.53
socialspy: false
lastlocation:
  world: LionHUB
  x: 93.27186738418034
  y: 47.0
  z: -47.909124309174466
  yaw: -7.1412373
  pitch: -5.6163564
logoutlocation:
  world: LionHUB
  x: 95.19549836990312
  y: 48.015555072702206
  z: -47.64674871185826
  yaw: -52.635853
  pitch: 25.934542
