lastlocation:
  world: SkyBlock
  x: 148.7894816274116
  y: 72.0
  z: 14.89514261333887
  yaw: 262.10367
  pitch: 8.099992
lastAccountName: ALittleDoggo
timestamps:
  login: 1518625724683
  lastteleport: 1518625783252
  logout: 1518626509114
ipAddress: 78.152.203.248
money: '0.0'
logoutlocation:
  world: ASkyBlock
  x: 1001.3765600370226
  y: 118.0
  z: -398.5577214597585
  yaw: 173.77728
  pitch: 58.350002
