timestamps:
  lastteleport: 1499598106802
  login: 1499598086848
  logout: 1499598106649
lastlocation:
  world: FFA
  x: 1.561690079915413
  y: 13.0
  z: 0.31057996678580957
  yaw: -82.97564
  pitch: -0.16982165
lastAccountName: Cloud3
ipAddress: 49.146.231.93
socialspy: false
logoutlocation:
  world: LionHUB
  x: 49.0
  y: 4.0
  z: -92.0
  yaw: -179.4159
  pitch: 90.0
