lastAccountName: alperenskl01
timestamps:
  login: 1503327114249
  logout: 1503327173616
ipAddress: 178.233.165.149
socialspy: false
logoutlocation:
  world: LionHUB
  x: 93.02450905854727
  y: 45.0
  z: -62.41400048212383
  yaw: -60.063232
  pitch: 83.099976
