timestamps:
  lastteleport: 1498052024792
  login: 1498052018435
  logout: 1498052024038
lastlocation:
  world: LionHUB
  x: 30.5
  y: 67.0
  z: 15.5
  yaw: 90.11987
  pitch: -0.34908158
socialspy: false
lastAccountName: LOLimXD
ipAddress: 197.0.197.42
logoutlocation:
  world: LionHUB
  x: 30.5
  y: 67.0
  z: 15.5
  yaw: 90.11987
  pitch: -0.34908158
