lastAccountName: CuzImPoishiiYT
timestamps:
  login: 1501967068399
  mute: 0
  lastteleport: 1501967405774
  logout: 1501967622554
ipAddress: 88.74.194.84
socialspy: false
muted: true
lastlocation:
  world: LionHUB
  x: 81.69999998807907
  y: 5.0
  z: -102.50676625860902
  yaw: 260.83148
  pitch: 13.832778
logoutlocation:
  world: MainLobby
  x: 29.300000011920922
  y: 57.0
  z: 2.9209456852347384
  yaw: 30.069794
  pitch: -5.5688167
