timestamps:
  lastteleport: 1499901680264
  login: 1499901644721
  logout: 1499901678498
lastlocation:
  world: LionHUB
  x: 93.35
  y: 45.0
  z: -62.35
  yaw: -359.88382
  pitch: -20.032845
socialspy: false
lastAccountName: HudFYhUynDpeZC0h
ipAddress: 181.56.9.161
logoutlocation:
  world: LionHUB
  x: 93.5
  y: 45.0
  z: -62.5
  yaw: -359.88382
  pitch: -20.032845
