lastAccountName: _Devv1ce_
timestamps:
  login: 1503080562984
  lastteleport: 1503080578005
  logout: 1503080621397
ipAddress: 109.81.208.115
socialspy: false
lastlocation:
  world: LionHUB
  x: 93.1582928991986
  y: 47.0
  z: -47.902263368027526
  yaw: -11.161338
  pitch: -5.9110336
logoutlocation:
  world: MainLobby
  x: 19.77078736065727
  y: 57.5
  z: -0.3287970392970531
  yaw: -102.06369
  pitch: 90.0
