lastAccountName: RatchetRS
timestamps:
  login: 1501331960092
  logout: 1501331950380
ipAddress: 185.43.191.248
socialspy: false
logoutlocation:
  world: LionHUB
  x: 93.51999108110613
  y: 45.0
  z: -62.30000001192093
  yaw: -1.2632126
  pitch: 11.762165
