lastlocation:
  world: LionHUB
  x: 761.3564198510845
  y: 7.0
  z: 3604.2631978396603
  yaw: -133.30222
  pitch: 26.96358
lastAccountName: wipeout2014
timestamps:
  login: 1521501191583
  logout: 1521501204481
ipAddress: 71.209.131.214
logoutlocation:
  world: LionHUB
  x: 748.8732576287675
  y: 10.0
  z: 3619.0362719682403
  yaw: 13.881459
  pitch: 0.2729175
