lastlocation:
  world: LionHUB
  x: 943.3657603788221
  y: 38.0
  z: -363.0354362319981
  yaw: 3.3029175
  pitch: 15.003968
lastAccountName: Abodi7
timestamps:
  login: 1516290500076
  lastteleport: 1516290556710
  logout: 1516290565481
ipAddress: 80.216.132.162
money: '0.0'
logoutlocation:
  world: MainLobby
  x: 7.081777359753038
  y: 59.0
  z: 1.9467539787813384
  yaw: -28.206354
  pitch: 48.751587
