lastlocation:
  world: FFA
  x: 25.711497875821326
  y: 28.0
  z: -708.9908753012915
  yaw: -179.87415
  pitch: 10.426025
lastAccountName: auzzyshaw10
timestamps:
  login: 1507502762426
  logout: 1507502830912
ipAddress: 206.128.68.64
socialspy: false
logoutlocation:
  world: FFA
  x: 1.0
  y: 13.0
  z: 0.0
  yaw: -179.87415
  pitch: 10.426025
