lastlocation:
  world: LionHUB
  x: 942.9847941585354
  y: 38.0
  z: -414.80756805231493
  yaw: -359.68704
  pitch: 5.1518903
lastAccountName: YungCurrry
timestamps:
  login: 1510970337021
  logout: 1510970350068
ipAddress: 108.243.1.118
logoutlocation:
  world: LionHUB
  x: 940.6897478683567
  y: 37.0
  z: -368.9365638093127
  yaw: -1.7890625
  pitch: 33.951767
