timestamps:
  lastteleport: 1509040452543
  login: 1512247740190
  logout: 1512247951635
lastlocation:
  world: LionHUB
  x: 943.0195191088159
  y: 38.0
  z: -414.25812266697704
  yaw: -0.47781372
  pitch: -3.5336792
lastAccountName: Medo619
ipAddress: 77.77.218.142
socialspy: false
logoutlocation:
  world: LionHUB
  x: 942.3000000119209
  y: 37.0
  z: -425.95573946060875
  yaw: 77.73772
  pitch: 22.258732
