timestamps:
  lastteleport: 1499592478881
  login: 1501535239385
  logout: 1501535255795
lastlocation:
  world: LionHUB
  x: 94.69085297741516
  y: 45.5
  z: -64.51575760812545
  yaw: -219.43756
  pitch: 11.297446
lastAccountName: Banana583912
ipAddress: 112.198.103.52
socialspy: false
logoutlocation:
  world: LionHUB
  x: 93.4498672858895
  y: 45.0
  z: -62.31813651106956
  yaw: -285.5132
  pitch: 5.612166
