lastlocation:
  world: LionHUB
  x: 943.0195191088159
  y: 38.0
  z: -414.25812266697704
  yaw: -0.17781088
  pitch: 18.366322
lastAccountName: gabriel_gamer123
timestamps:
  login: 1517079531756
  logout: 1517079556245
ipAddress: 201.131.172.92
logoutlocation:
  world: LionHUB
  x: 943.0195191088159
  y: 38.0
  z: -414.25812266697704
  yaw: 336.4222
  pitch: -2.7836785
