lastlocation:
  world: LionHUB
  x: 942.0
  y: 38.0
  z: -415.0
  yaw: 0.0
  pitch: 0.0
lastAccountName: JablkoTheApple
timestamps:
  login: 1513888195535
  logout: 1513888222828
ipAddress: 77.237.138.19
logoutlocation:
  world: LionHUB
  x: 943.6739686690141
  y: 38.0
  z: -414.96318343371615
  yaw: -92.0012
  pitch: -3.0741816
