lastlocation:
  world: LionHUB
  x: 942.9847941585354
  y: 38.0
  z: -414.80756805231493
  yaw: -359.53693
  pitch: 4.701889
lastAccountName: _Renagades_
timestamps:
  login: 1507949435394
  logout: 1507949823472
ipAddress: 174.125.253.51
logoutlocation:
  world: LionHUB
  x: 941.9845938873532
  y: 38.0
  z: -415.8915800321271
  yaw: -54.834473
  pitch: 19.177708
