lastlocation:
  world: LionHUB
  x: 943.0195191088159
  y: 38.0
  z: -414.25812266697704
  yaw: -0.47781372
  pitch: -3.5336792
lastAccountName: katehh
timestamps:
  login: 1511743081057
  lastteleport: 1510806438170
  logout: 1511743612612
ipAddress: 47.49.193.130
logoutlocation:
  world: LionHUB
  x: 918.5521365871934
  y: 14.0
  z: -432.37088301153
  yaw: 182.25723
  pitch: -30.72839
