lastAccountName: stefanos016
socialspy: false
timestamps:
  login: 1501585022448
  lastteleport: 1501585064335
  logout: 1501586195726
ipAddress: 176.92.219.111
lastlocation:
  world: LionHUB
  x: 93.60978440646544
  y: 47.5
  z: -47.023365604321704
  yaw: 0.68862796
  pitch: -2.6110673
logoutlocation:
  world: MainLobby
  x: 2.804614961924165
  y: 60.0
  z: 0.35211642876091065
  yaw: 85.099884
  pitch: -10.199991
