lastlocation:
  world: LionHUB
  x: 943.0195191088159
  y: 38.0
  z: -414.25812266697704
  yaw: -0.47781372
  pitch: -3.5336792
lastAccountName: jesseMCPECraft
timestamps:
  login: 1517235980062
  logout: 1517236162708
ipAddress: 191.163.193.188
money: '500.0'
logoutlocation:
  world: LionHUB
  x: 942.6176849373729
  y: 37.0
  z: -404.5406860187505
  yaw: 42.568695
  pitch: 27.3504
