lastlocation:
  world: LionHUB
  x: 772.591411353243
  y: 5.0
  z: 3621.1783210718477
  yaw: 0.9819031
  pitch: 5.314909
lastAccountName: HazeMP
timestamps:
  login: 1517978612393
  lastteleport: 1517978736488
  logout: 1517978761213
ipAddress: 110.139.145.91
money: '0.0'
logoutlocation:
  world: MainLobby
  x: -1.699999988079071
  y: 60.0
  z: -3.4392145238503287
  yaw: 127.18853
  pitch: 42.097412
