lastlocation:
  world: Breeze
  x: -6.474648952148256
  y: 67.0
  z: 26.960916986093018
  yaw: -179.56442
  pitch: 9.405335
money: '0.0'
lastAccountName: Da_CasualTryhard
timestamps:
  login: 1517668835748
  lastteleport: 1517668874707
  logout: 1517668901916
ipAddress: 5.64.187.104
logoutlocation:
  world: Sg
  x: -98.05567015320786
  y: 5.0
  z: 46.255594625806715
  yaw: -232.90315
  pitch: 12.100891
