timestamps:
  lastteleport: 1499901701677
  login: 1499901676644
  logout: 1499901698797
lastlocation:
  world: LionHUB
  x: 93.5
  y: 45.0
  z: -62.5
  yaw: -359.88382
  pitch: -20.032845
socialspy: false
lastAccountName: k_ZO_jIyDiK2lt0B
ipAddress: 121.40.102.199
logoutlocation:
  world: LionHUB
  x: 93.5
  y: 45.0
  z: -62.5
  yaw: -359.88382
  pitch: -20.032845
