timestamps:
  lastteleport: 1499901634699
  login: 1499901632147
lastlocation:
  world: LionHUB
  x: 93.35
  y: 45.0
  z: -62.35
  yaw: -359.88382
  pitch: -20.032845
lastAccountName: X3OvzwT0ZdpULFkp
ipAddress: 181.56.9.161
socialspy: false
logoutlocation:
  world: LionHUB
  x: 93.5
  y: 45.0
  z: -62.5
  yaw: -359.88382
  pitch: -20.032845
