lastlocation:
  world: LionHUB
  x: 942.9395244330399
  y: 38.0
  z: -414.9798036988763
  yaw: -4.153345
  pitch: 2.907533
lastAccountName: R3KTCARLOS_YT
timestamps:
  login: 1508363878008
  lastteleport: 1508363703207
  logout: 1508363918950
ipAddress: 92.239.159.165
logoutlocation:
  world: LionHUB
  x: 933.7166033607892
  y: 37.0
  z: -417.6732659382979
  yaw: -199.90347
  pitch: -18.392458
