lastAccountName: ikyantje
timestamps:
  login: 1505551194374
  logout: 1505551238866
ipAddress: 89.200.41.255
socialspy: false
logoutlocation:
  world: FFA
  x: 13.0
  y: 11.0
  z: -149.0
  yaw: -10.730021
  pitch: 31.784424
