lastlocation:
  world: FFA
  x: 28.29753380674505
  y: 28.5
  z: -701.4672950990358
  yaw: 18.65145
  pitch: -0.8756958
lastAccountName: supernuke
timestamps:
  login: 1515962474445
  logout: 1515962544522
ipAddress: 69.65.71.72
money: '0.0'
logoutlocation:
  world: FFAnormal
  x: -10.412121398951129
  y: 14.0
  z: 13.01288617914095
  yaw: 295.23874
  pitch: 9.382886
