timestamps:
  lastteleport: 1498357581900
  login: 1498357493084
  logout: 1498357581747
lastlocation:
  world: LionHUB
  x: 17.810605510578583
  y: 65.0
  z: 15.398082657673513
  yaw: 219.71991
  pitch: 11.950917
socialspy: false
lastAccountName: cocomonkey
ipAddress: 119.94.109.169
logoutlocation:
  world: LionHUB
  x: 30.5
  y: 67.0
  z: 15.5
  yaw: 90.11987
  pitch: -0.34908158
