lastlocation:
  world: LionHUB
  x: 93.50848809898889
  y: 45.0
  z: -62.54658081977909
  yaw: 1.2886657
  pitch: -1.4110628
lastAccountName: gamerzabuthead
timestamps:
  login: 1506472352429
  logout: 1506472618480
ipAddress: 174.218.142.90
socialspy: false
logoutlocation:
  world: LionHUB
  x: 93.49529773824906
  y: 46.0
  z: -61.25540748878671
  yaw: -8.694517
  pitch: 1.9166651
