timestamps:
  lastteleport: 1500570082465
  login: 1500570079819
  logout: 1500570081412
lastlocation:
  world: LionHUB
  x: 93.5
  y: 45.0
  z: -62.5
  yaw: -11.88382
  pitch: -4.582845
lastAccountName: Domix96
ipAddress: 91.83.71.255
socialspy: false
logoutlocation:
  world: LionHUB
  x: 93.5
  y: 45.0
  z: -62.5
  yaw: -359.88382
  pitch: -20.032845
