lastlocation:
  world: LionHUB
  x: 944.7995780283285
  y: 37.0
  z: -409.96545657794724
  yaw: -212.12756
  pitch: -4.199998
