timestamps:
  lastteleport: 1505184902781
  login: 1505527343719
  logout: 1505527386999
lastlocation:
  world: LionHUB
  x: 93.99574543142961
  y: 46.0
  z: -55.484273308587845
  yaw: 169.73694
  pitch: 19.112165
lastAccountName: TheDreamCraft
ipAddress: 180.248.93.168
socialspy: false
logoutlocation:
  world: LionHUB
  x: 94.69999998807907
  y: 46.0
  z: -72.30000001192093
  yaw: -7.411284
  pitch: 7.8889403
