lastlocation:
  world: LionHUB
  x: 944.9949900640217
  y: 38.5
  z: -365.30000001192093
  yaw: -46.603348
  pitch: 11.007533
lastAccountName: OriplaysPc
timestamps:
  login: 1508675899818
  lastteleport: 1508675937421
  logout: 1508675971344
ipAddress: 89.237.126.118
logoutlocation:
  world: Sg
  x: -110.96919870558092
  y: 5.0
  z: 83.32987340517873
  yaw: -46.083252
  pitch: 48.81573
