lastlocation:
  world: LionHUB
  x: 942.9847941585354
  y: 38.0
  z: -414.80756805231493
  yaw: 0.31307983
  pitch: 4.551889
socialspy: false
lastAccountName: bgdikobg
timestamps:
  login: 1507306989387
  logout: 1507307057326
ipAddress: 87.120.23.129
logoutlocation:
  world: LionHUB
  x: 914.3556851492712
  y: 33.0
  z: -402.53100415711066
  yaw: -206.80273
  pitch: 11.607494
