socialspy: false
lastAccountName: OverpoweredJason
timestamps:
  login: 1504582668673
  logout: 1504582701579
ipAddress: 1.52.37.212
logoutlocation:
  world: LionHUB
  x: 93.49200014852977
  y: 45.0
  z: -61.30000001192093
  yaw: 1.2886657
  pitch: -1.4110628
