lastAccountName: Quejinho
timestamps:
  login: 1506025199886
  logout: 1506025214339
ipAddress: 186.232.130.112
socialspy: false
logoutlocation:
  world: LionHUB
  x: 93.50848809898889
  y: 45.0
  z: -62.54658081977909
  yaw: 1.2886657
  pitch: -1.4110628
