lastlocation:
  world: LionHUB
  x: 942.6762985358984
  y: 39.166109260938214
  z: -363.2264723465316
  yaw: -0.710819
  pitch: 3.16522
lastAccountName: Munther_Gaming
timestamps:
  login: 1515686406921
  lastteleport: 1515686426920
  logout: 1515686446976
ipAddress: 92.241.34.232
money: '0.0'
logoutlocation:
  world: MainLobby
  x: 19.317018746925825
  y: 57.0
  z: 5.404498506490509
  yaw: 106.56824
  pitch: 16.905703
