timestamps:
  lastteleport: 1501533563502
  login: 1501533549497
  logout: 1501533686771
lastlocation:
  world: LionHUB
  x: 93.76171482435072
  y: 47.0
  z: -51.13269208036018
  yaw: 1.2867874
  pitch: 42.512157
lastAccountName: Kreyta
ipAddress: 41.143.94.33
socialspy: false
logoutlocation:
  world: MainLobby
  x: 15.624473694167595
  y: 57.0
  z: 6.022848838412785
  yaw: 135.50018
  pitch: -6.0000076
