lastAccountName: Ethan_Playz_
timestamps:
  login: 1505446275047
  logout: 1505446294585
ipAddress: 97.71.90.167
socialspy: false
logoutlocation:
  world: LionHUB
  x: 93.43242368510982
  y: 46.0
  z: -58.04608245019932
  yaw: 1.2886657
  pitch: -1.4110628
