lastlocation:
  world: Factions
  x: 256.30000001192093
  y: 6.0
  z: -442.30000001192093
  yaw: 225.43254
  pitch: -69.6367
lastAccountName: MineJack_YT
timestamps:
  login: 1513936996933
  lastteleport: 1513937726241
  logout: 1513936963286
ipAddress: 60.50.107.3
logoutlocation:
  world: Factions
  x: 122.0
  y: 71.0
  z: -312.0
  yaw: 0.0
  pitch: 0.0
money: '0.0'
