timestamps:
  lastteleport: 1499901685559
  login: 1499901683771
  logout: 1499901685413
lastlocation:
  world: LionHUB
  x: 49.23790120048649
  y: 4.0
  z: -91.5082848756997
  yaw: 92.28638
  pitch: 74.49833
lastAccountName: 4F17W_MZHBfBm7IW
ipAddress: 216.167.191.93
socialspy: false
logoutlocation:
  world: LionHUB
  x: 93.5
  y: 45.0
  z: -62.5
  yaw: -359.88382
  pitch: -20.032845
