lastAccountName: TheOnly_Penguin
timestamps:
  login: 1501616952259
  lastteleport: 1501616984412
  logout: 1501618365459
ipAddress: 73.102.4.236
socialspy: false
lastlocation:
  world: LionHUB
  x: 92.81721993892438
  y: 46.0
  z: -58.9521721357896
  yaw: 53.541767
  pitch: 19.306034
logoutlocation:
  world: MainLobby
  x: 5.152779194844621
  y: 62.0
  z: -5.469919758970504
  yaw: 234.93987
  pitch: 77.45892
