lastlocation:
  world: skywars
  x: 102.08703628588151
  y: 150.0
  z: -132.31274979526125
  yaw: 182.38959
  pitch: 35.38859
lastAccountName: Ivanz1
timestamps:
  login: 1517146853095
  lastteleport: 1517146980454
  logout: 1517147090506
ipAddress: 37.201.4.107
money: '500.0'
logoutlocation:
  world: LionHUB
  x: 938.5727031772831
  y: 37.0
  z: -417.5618411299367
  yaw: 129.36562
  pitch: 13.194741
