timestamps:
  lastteleport: 1499901697993
  login: 1499901668343
  logout: 1499901696139
lastlocation:
  world: LionHUB
  x: 93.5
  y: 45.0
  z: -62.5
  yaw: -359.88382
  pitch: -20.032845
lastAccountName: flQ2DdMNBbNEmNV0
ipAddress: 61.135.155.82
socialspy: false
logoutlocation:
  world: LionHUB
  x: 93.5
  y: 45.0
  z: -62.5
  yaw: -359.88382
  pitch: -20.032845
