timestamps:
  lastteleport: 1500991625312
  login: 1500991608668
  logout: 1500991625109
lastlocation:
  world: LionHUB
  x: 93.4996279332554
  y: 45.0
  z: -62.30000001192093
  yaw: -356.90085
  pitch: 1.6780016
lastAccountName: iHyper_
ipAddress: 89.102.100.32
socialspy: false
logoutlocation:
  world: LionHUB
  x: 93.5
  y: 45.0
  z: -62.5
  yaw: -359.88382
  pitch: -20.032845
