lastAccountName: HungaryTRhax
timestamps:
  login: 1504230660088
  lastteleport: 1504230710069
  logout: 1504230810767
ipAddress: 2.134.37.216
socialspy: false
lastlocation:
  world: LionHUB
  x: 94.8088899298484
  y: 47.0
  z: -49.57774489454494
  yaw: 326.17538
  pitch: 43.2582
logoutlocation:
  world: MainLobby
  x: 7.4882613678164045
  y: 58.0
  z: 5.944072783527548
  yaw: 130.60161
  pitch: -29.540543
