timestamps:
  lastteleport: 1500791410465
  login: 1500788404099
  logout: 1500791408828
lastlocation:
  world: LionHUB
  x: 94.4686177526277
  y: 45.5
  z: -63.82012433594575
  yaw: 82.07661
  pitch: 7.4610023
lastAccountName: FlooneyTunes
socialspy: false
ipAddress: 73.206.213.2
logoutlocation:
  world: LionHUB
  x: 93.5
  y: 45.0
  z: -62.5
  yaw: -359.88382
  pitch: -20.032845
