lastlocation:
  world: skywars
  x: 102.96260100453453
  y: 150.0
  z: -122.1121890421915
  yaw: 2.0977597
  pitch: -17.39999
lastAccountName: CriminalDoge
socialspy: false
timestamps:
  login: 1506746652014
  logout: 1506746851382
ipAddress: 58.227.17.49
logoutlocation:
  world: LionHUB
  x: 95.69999998807907
  y: 48.0
  z: -46.89937261104129
  yaw: -62.763294
  pitch: 59.09997
