timestamps:
  lastteleport: 1499901679182
  login: 1499901676634
  logout: 1499901678498
lastlocation:
  world: LionHUB
  x: 93.5
  y: 45.0
  z: -62.5
  yaw: -359.88382
  pitch: -20.032845
socialspy: false
lastAccountName: PEamYmHnRxDdxRxF
ipAddress: 46.28.194.19
logoutlocation:
  world: LionHUB
  x: 93.5
  y: 45.0
  z: -62.5
  yaw: -359.88382
  pitch: -20.032845
