lastlocation:
  world: map
  x: -990.5
  y: 86.5
  z: 275.5
  yaw: -53.845055
  pitch: 5.4818983
