lastlocation:
  world: LionHUB
  x: 93.51999108110613
  y: 45.0
  z: -62.30000001192093
  yaw: -1.2632126
  pitch: 11.762165
lastAccountName: namineclaire
timestamps:
  login: 1506698571440
  logout: 1506698617807
  lastteleport: 1506697950874
ipAddress: 84.85.255.121
socialspy: false
logoutlocation:
  world: LionHUB
  x: 96.37352868636788
  y: 46.0
  z: -65.7050905904182
  yaw: -271.0996
  pitch: 19.932566
