timestamps:
  lastteleport: 1499901698668
  login: 1499901668553
  logout: 1499901696139
lastlocation:
  world: LionHUB
  x: 93.35
  y: 45.0
  z: -62.35
  yaw: -359.88382
  pitch: -20.032845
lastAccountName: _XbX5wV2yPJUo2kJ
ipAddress: 66.253.199.137
socialspy: false
logoutlocation:
  world: LionHUB
  x: 93.5
  y: 45.0
  z: -62.5
  yaw: -359.88382
  pitch: -20.032845
