lastlocation:
  world: SkyBlock
  x: 0.7493378164765454
  y: 65.0
  z: 4.784908434360995
  yaw: -33.25638
  pitch: 4.9284067
lastAccountName: SnappyErBae
timestamps:
  login: 1519503296136
  lastteleport: 1519503316837
  logout: 1519503341764
ipAddress: 212.112.152.67
money: '0.0'
logoutlocation:
  world: ASkyBlock
  x: 1000.5
  y: 120.0
  z: -797.5
  yaw: 156.69191
  pitch: 43.51173
