lastAccountName: Viqor_
timestamps:
  login: 1503250090284
  lastteleport: 1503250051340
  logout: 1503250092940
ipAddress: 176.20.193.159
socialspy: false
lastlocation:
  world: LionHUB
  x: 94.19266654198974
  y: 46.0
  z: -58.751374678177065
  yaw: 1.5811242
  pitch: -5.505482
logoutlocation:
  world: LionHUB
  x: 93.51999108110613
  y: 44.999999
  z: -62.30000001192093
  yaw: -1.2632126
  pitch: 11.762165
