lastAccountName: NearlightPvPYT
timestamps:
  login: 1505938244113
  lastteleport: 1505938257384
  logout: 1505938278102
ipAddress: 99.114.89.243
socialspy: false
lastlocation:
  world: LionHUB
  x: 93.84334189071784
  y: 47.78502776678368
  z: -47.70733966856676
  yaw: 10.436859
  pitch: -16.887833
logoutlocation:
  world: MainLobby
  x: 13.96273830693278
  y: 57.0
  z: -3.936069539922622
  yaw: -114.96354
  pitch: 20.676348
