timestamps:
  lastteleport: 1500793273776
  login: 1500793164920
  logout: 1500793271674
lastlocation:
  world: MainLobby
  x: 0.738651801316609
  y: 60.0
  z: 0.4765052992511828
  yaw: 272.0
  pitch: 0.0
lastAccountName: IPandz
ipAddress: 42.61.224.204
socialspy: false
logoutlocation:
  world: LionHUB
  x: 93.5
  y: 45.0
  z: -62.5
  yaw: -359.88382
  pitch: -20.032845
godmode: false
nickname: IPandz
