lastAccountName: PottedNiqqa
timestamps:
  login: 1504156112758
  lastteleport: 1504156144639
  logout: 1504156170755
ipAddress: 108.181.18.118
socialspy: false
lastlocation:
  world: LionHUB
  x: 93.52480190260394
  y: 45.0
  z: -61.30000001192093
  yaw: 2.2205899
  pitch: -0.9107978
logoutlocation:
  world: MainLobby
  x: 7.494128277648303
  y: 59.0
  z: -1.1049084374381524
  yaw: -73.07518
  pitch: 4.5993743
