lastlocation:
  world: lobby_practice
  x: 538.350081324657
  y: 4.480710876331692
  z: -3292.386289627227
  yaw: 301.30975
  pitch: 20.500374
lastAccountName: SilverElliot
timestamps:
  login: 1520605489551
  logout: 1520605491385
ipAddress: 82.147.53.117
logoutlocation:
  world: LionHUB
  x: 746.4592455243042
  y: 10.0
  z: 3608.7898504515924
  yaw: -0.10546875
  pitch: -4.859901
