timestamps:
  lastteleport: 1498424006921
  login: 1498423973522
  logout: 1498424005819
lastlocation:
  world: LionHUB
  x: 10.099006699218258
  y: 71.0
  z: -23.69999998807907
  yaw: 168.6764
  pitch: 1.6523558
lastAccountName: MzrkzLV_
ipAddress: 217.73.129.102
socialspy: false
godmode: false
logoutlocation:
  world: LionHUB
  x: 30.5
  y: 67.0
  z: 15.5
  yaw: 90.11987
  pitch: -0.34908158
