lastAccountName: On9PC_OGC
timestamps:
  login: 1501751156557
  logout: 1501751717987
ipAddress: 61.15.222.239
socialspy: false
logoutlocation:
  world: LionHUB
  x: 70.47992227269461
  y: 4.0
  z: -398.6066501517374
  yaw: -208.94415
  pitch: 1.2293003
