lastAccountName: MonsterAgarioYT
timestamps:
  login: 1506101336884
  logout: 1506101377575
ipAddress: 86.137.128.1
socialspy: false
logoutlocation:
  world: LionHUB
  x: 93.34575055579626
  y: 46.0
  z: -86.95978544393321
  yaw: 179.2151
  pitch: 9.066723
