timestamps:
  lastteleport: 1499901645683
  login: 1499901642581
lastlocation:
  world: LionHUB
  x: 93.5
  y: 45.0
  z: -62.5
  yaw: -359.88382
  pitch: -20.032845
socialspy: false
lastAccountName: HXhdPPMxLuTg0GTz
ipAddress: 111.205.46.28
logoutlocation:
  world: LionHUB
  x: 93.5
  y: 45.0
  z: -62.5
  yaw: -359.88382
  pitch: -20.032845
