lastlocation:
  world: LionHUB
  x: 942.0
  y: 38.0
  z: -415.0
  yaw: 0.0
  pitch: 0.0
lastAccountName: VikTorKel34
timestamps:
  login: 1517146959658
  logout: 1517147320961
  lastteleport: 1517146978483
ipAddress: 93.139.181.229
logoutlocation:
  world: LionHUB
  x: 956.8681707288983
  y: 112.43397949401823
  z: -445.2175551380484
  yaw: 358.4726
  pitch: 74.85
money: '500.0'
