lastAccountName: UKxFallz
timestamps:
  login: 1501866259873
  lastteleport: 1501866268473
  logout: 1501866278934
ipAddress: 82.38.149.45
socialspy: false
lastlocation:
  world: LionHUB
  x: 93.2012558080015
  y: 47.0
  z: -52.64945512589421
  yaw: 1.9848099
  pitch: 0.019313341
logoutlocation:
  world: MainLobby
  x: 3.8502471710890633
  y: 60.0
  z: -0.27533335388293834
  yaw: 47.561443
  pitch: -3.1402647
