lastlocation:
  world: LionHUB
  x: 746.4592455243042
  y: 10.0
  z: 3608.7898504515924
  yaw: -0.10546875
  pitch: -4.859901
lastAccountName: SkyProPC
timestamps:
  login: 1517750471657
  logout: 1517750568320
ipAddress: 24.57.221.229
logoutlocation:
  world: LionHUB
  x: 764.1295605145627
  y: 6.5
  z: 3613.0666546451125
  yaw: -99.10521
  pitch: 12.899944
