lastlocation:
  world: LionHUB
  x: 942.5586446820957
  y: 37.5
  z: -413.0497126480948
  yaw: 359.26306
  pitch: 11.15189
lastAccountName: TheWhiteWolf8
timestamps:
  login: 1510493028333
  logout: 1510493153061
ipAddress: 80.1.195.61
logoutlocation:
  world: LionHUB
  x: 952.3505359945956
  y: 53.0
  z: -429.8113020553471
  yaw: 69.61295
  pitch: 46.401897
