lastlocation:
  world: LionHUB
  x: 943.0195191088159
  y: 38.0
  z: -414.25812266697704
  yaw: -0.47781372
  pitch: -3.5336792
lastAccountName: Xanii
timestamps:
  login: 1512605901717
  logout: 1512605909790
  lastteleport: 1512430323269
ipAddress: 73.123.245.86
logoutlocation:
  world: LionHUB
  x: 943.063490125839
  y: 36.0
  z: -382.30931429003465
  yaw: 180.77014
  pitch: -0.7957945
money: '500.0'
