lastAccountName: Raw_Chichen
timestamps:
  login: 1503054022762
  logout: 1503054025812
ipAddress: 178.223.204.31
socialspy: false
logoutlocation:
  world: LionHUB
  x: 93.50848809898889
  y: 45.0
  z: -62.54658081977909
  yaw: 4.7386665
  pitch: 5.938938
