lastAccountName: XxMoclerxX
timestamps:
  login: 1505310830986
  lastteleport: 1505310844544
  logout: 1505311062841
ipAddress: 213.49.132.231
socialspy: false
lastlocation:
  world: LionHUB
  x: 93.8093361991169
  y: 46.0
  z: -57.765648991059265
  yaw: 7.1378374
  pitch: 9.848592
logoutlocation:
  world: LionHUB
  x: 97.20447313233531
  y: 47.0
  z: -60.737426174978964
  yaw: -341.24683
  pitch: 35.643738
