lastlocation:
  world: lobby_practice
  x: 540.151110042511
  y: 4.0
  z: -3294.3914056987824
  yaw: -174.07402
  pitch: 2.668875
lastAccountName: Tattyb04
timestamps:
  login: 1517769889144
  lastteleport: 1517769902441
  logout: 1517770043485
ipAddress: 2.30.196.139
money: '0.0'
logoutlocation:
  world: MainLobby
  x: 37.474987210586455
  y: 58.0
  z: -11.17149851581816
  yaw: -1.745758
  pitch: 14.238897
