lastAccountName: Harrody
timestamps:
  login: 1504115209980
  lastteleport: 1504115255730
  logout: 1504115259610
ipAddress: 86.185.90.69
socialspy: false
lastlocation:
  world: SkyBlock
  x: 4.3403463468044805
  y: 66.0
  z: 21.794485675019278
  yaw: -93.35077
  pitch: 25.850868
logoutlocation:
  world: SkyBlock
  x: 142.94035025363652
  y: 66.0
  z: 21.163861217159017
  yaw: 75.9016
  pitch: 7.3354564
