lastlocation:
  world: LionHUB
  x: 746.183287410311
  y: 2.0
  z: 3913.697489497237
  yaw: -180.44214
  pitch: 1.9091054
