lastAccountName: xXLaurinaxXx
timestamps:
  login: 1506882978832
  logout: 1506883065070
ipAddress: 79.208.185.85
socialspy: false
logoutlocation:
  world: LionHUB
  x: 943.3825421196033
  y: 37.0
  z: -406.4129500096993
  yaw: 293.80417
  pitch: 2.7927008
lastlocation:
  world: LionHUB
  x: 943.0644037800563
  y: 38.0
  z: -414.69615849648756
  yaw: 358.24664
  pitch: 1.7075297
