lastlocation:
  world: LionHUB
  x: 746.4592455243042
  y: 10.0
  z: 3608.7898504515924
  yaw: -0.10546875
  pitch: -4.859901
lastAccountName: Hakureta
timestamps:
  login: 1519081519394
  logout: 1519081524629
ipAddress: 91.89.107.82
logoutlocation:
  world: LionHUB
  x: 746.4592455243042
  y: 10.0
  z: 3608.7898504515924
  yaw: -2.9420779
  pitch: 1.9479654
