timestamps:
  lastteleport: 1499901713032
  login: 1499901683130
  logout: 1499901711629
lastlocation:
  world: LionHUB
  x: 93.5
  y: 45.0
  z: -62.5
  yaw: -359.88382
  pitch: -20.032845
lastAccountName: 90xSUAvY4XNgRjqy
ipAddress: 80.211.227.37
socialspy: false
logoutlocation:
  world: LionHUB
  x: 93.5
  y: 45.0
  z: -62.5
  yaw: -359.88382
  pitch: -20.032845
