lastAccountName: littlelindalou
timestamps:
  login: 1501485312538
  logout: 1501485374512
  lastteleport: 1501485331598
ipAddress: 180.248.95.117
socialspy: false
logoutlocation:
  world: MainLobby
  x: 21.384266529213775
  y: 58.0
  z: 0.6757056763585038
  yaw: 37.669098
  pitch: 6.0543485
lastlocation:
  world: LionHUB
  x: 93.85932470626896
  y: 47.0
  z: -47.76181449766162
  yaw: 9.086731
  pitch: -14.037832
