lastlocation:
  world: Sg
  x: -97.23712768193865
  y: 6.5
  z: 58.53860343406584
  yaw: -314.88345
  pitch: 46.415714
lastAccountName: Caverndigger
timestamps:
  login: 1517364121838
  lastteleport: 1517364942915
  logout: 1517365242203
ipAddress: 73.224.42.55
logoutlocation:
  world: LionHUB
  x: 750.5793003924093
  y: 5.0
  z: 3564.189863253757
  yaw: 17.079681
  pitch: 5.41933
money: '500.0'
