lastAccountName: jadforgaming321
timestamps:
  login: 1506434462147
  lastteleport: 1506187483837
  logout: 1506434462969
ipAddress: 188.247.79.108
socialspy: false
lastlocation:
  world: LionHUB
  x: 93.53480562941695
  y: 46.0
  z: -58.921519944161886
  yaw: -0.80726296
  pitch: 11.686173
logoutlocation:
  world: LionHUB
  x: 93.51999108110613
  y: 45.0
  z: -62.30000001192093
  yaw: -1.2632126
  pitch: 11.762165
