lastlocation:
  world: LionHUB
  x: 942.9847941585354
  y: 38.0
  z: -414.80756805231493
  yaw: -359.53693
  pitch: 4.701889
lastAccountName: Sebtacular
timestamps:
  login: 1511231170955
  logout: 1511231210426
ipAddress: 173.79.65.235
logoutlocation:
  world: LionHUB
  x: 939.3778238235816
  y: 37.0
  z: -413.91572857233086
  yaw: 3.4630466
  pitch: -5.048133
