lastAccountName: krisi123
timestamps:
  login: 1502374470681
  lastteleport: 1502374482637
  logout: 1502374539589
ipAddress: 87.121.15.202
socialspy: false
lastlocation:
  world: LionHUB
  x: 93.51999108110613
  y: 45.0
  z: -62.30000001192093
  yaw: -0.78082067
  pitch: -14.588497
logoutlocation:
  world: MainLobby
  x: 0.6311276127153502
  y: 60.0
  z: 0.7665217212220958
  yaw: -83.4524
  pitch: 9.537374
