socialspy: false
lastAccountName: ILikeChicken666
timestamps:
  login: 1501659029677
  logout: 1501659769035
  lastteleport: 1501659234396
ipAddress: 96.54.181.188
logoutlocation:
  world: MainLobby
  x: 6.881822133016098
  y: 59.0
  z: 1.0751904895242246
  yaw: 277.70004
  pitch: 19.349998
lastlocation:
  world: MainLobby
  x: 3.417389665613025
  y: 60.0
  z: 1.8905805083428688
  yaw: -254.53079
  pitch: -4.2956533
