timestamps:
  lastteleport: 1498307868905
  login: 1498307837303
  logout: 1498307868353
lastlocation:
  world: LionHUB
  x: 30.5
  y: 67.0
  z: 15.5
  yaw: 90.11987
  pitch: -0.34908158
socialspy: false
lastAccountName: konrad20076pl
ipAddress: 95.160.155.16
logoutlocation:
  world: LionHUB
  x: 30.5
  y: 67.0
  z: 15.5
  yaw: 90.11987
  pitch: -0.34908158
