timestamps:
  lastteleport: 1499901725721
  login: 1499901721543
  logout: 1499901724405
lastlocation:
  world: LionHUB
  x: 93.35
  y: 45.0
  z: -62.35
  yaw: -359.88382
  pitch: -20.032845
socialspy: false
lastAccountName: AXRCxku_O2WxCYAz
ipAddress: 92.240.248.118
logoutlocation:
  world: LionHUB
  x: 93.5
  y: 45.0
  z: -62.5
  yaw: -359.88382
  pitch: -20.032845
