lastlocation:
  world: LionHUB
  x: 746.4592455243042
  y: 10.0
  z: 3608.7898504515924
  yaw: -0.10546875
  pitch: -4.859901
lastAccountName: Pepe_Protector
timestamps:
  login: 1519188796067
  logout: 1519188827179
ipAddress: 173.92.121.216
logoutlocation:
  world: LionHUB
  x: 743.953389085334
  y: 10.0
  z: 3609.9142331159137
  yaw: -53.23124
  pitch: 16.616507
