lastlocation:
  world: LionHUB
  x: 942.0
  y: 38.0
  z: -415.0
  yaw: 0.0
  pitch: 0.0
lastAccountName: 4theSenpai
timestamps:
  login: 1512182271101
  logout: 1512182312278
ipAddress: 42.61.224.175
logoutlocation:
  world: LionHUB
  x: 932.2859525089237
  y: 37.0
  z: -402.38129065767845
  yaw: -303.39597
  pitch: -7.299571
