lastlocation:
  world: LionHUB
  x: 807.9586963781842
  y: 8.0
  z: 3608.0662285641
  yaw: -84.405464
  pitch: 7.4401054
lastAccountName: GreenDog101
timestamps:
  login: 1521235136440
  logout: 1521235165353
  lastteleport: 1521235161286
ipAddress: 166.175.63.90
logoutlocation:
  world: SkyBlock
  x: 0.5
  y: 65.0
  z: 0.5
  yaw: -0.5006714
  pitch: 1.1008675
money: '0.0'
