timestamps:
  lastteleport: 1499901744837
  login: 1499901714886
  logout: 1499901744430
lastlocation:
  world: LionHUB
  x: 93.5
  y: 45.0
  z: -62.5
  yaw: -359.88382
  pitch: -20.032845
socialspy: false
lastAccountName: DTDUW26uH6Y1poUm
ipAddress: 68.180.74.204
logoutlocation:
  world: LionHUB
  x: 93.5
  y: 45.0
  z: -62.5
  yaw: -359.88382
  pitch: -20.032845
