lastlocation:
  world: MainLobby
  x: -0.5335005639400162
  y: 60.0
  z: 0.46918172662426155
  yaw: -89.0
  pitch: 2.0
lastAccountName: malakas60
timestamps:
  login: 1517330654160
  lastteleport: 1517330751953
  logout: 1517332913336
ipAddress: 188.164.201.133
money: '0.0'
logoutlocation:
  world: MainLobby
  x: 13.842730353459974
  y: 57.0
  z: -1.04405683306185
  yaw: -107.75
  pitch: 23.749998
