timestamps:
  lastteleport: 1510613503981
  login: 1510613464291
  logout: 1510614253887
lastlocation:
  world: LionHUB
  x: 943.0626492905432
  y: 38.0
  z: -363.01576037246787
  yaw: -219.77121
  pitch: 48.486866
socialspy: false
lastAccountName: MrSouffles
ipAddress: 75.129.98.193
logoutlocation:
  world: MainLobby
  x: 14.369263741553013
  y: 57.0
  z: 4.204878395296876
  yaw: -72.049446
  pitch: 6.1030154
