lastlocation:
  world: LionHUB
  x: 942.6916073909999
  y: 38.0
  z: -363.04536851435785
  yaw: 358.06323
  pitch: 12.501902
lastAccountName: OXSHALEVXO
timestamps:
  login: 1507732288983
  lastteleport: 1507732341102
  logout: 1507732351046
ipAddress: 213.57.73.206
logoutlocation:
  world: MainLobby
  x: 18.69999998807907
  y: 57.0
  z: 0.8254920702074555
  yaw: 266.63644
  pitch: 11.700005
