timestamps:
  lastteleport: 1500075624156
  login: 1500075617484
  logout: 1500075623128
lastlocation:
  world: LionHUB
  x: 93.72867116218605
  y: 45.0
  z: -62.50329467126926
  yaw: -132.0183
  pitch: 9.870259
socialspy: false
lastAccountName: Jakeman0918
ipAddress: 97.85.90.127
logoutlocation:
  world: LionHUB
  x: 93.5
  y: 45.0
  z: -62.5
  yaw: -359.88382
  pitch: -20.032845
