lastlocation:
  world: LionHUB
  x: 941.5897000566808
  y: 38.933962341064095
  z: -363.03401731075434
  yaw: 21.559744
  pitch: 1.2537918
lastAccountName: anwu
timestamps:
  login: 1511068462303
  lastteleport: 1511068475355
  logout: 1511068675098
ipAddress: 206.45.224.168
logoutlocation:
  world: MainLobby
  x: 23.909381439563
  y: 57.0
  z: 15.940967460319236
  yaw: -28.740303
  pitch: -55.603237
