lastlocation:
  world: LionHUB
  x: 943.0195191088159
  y: 38.0
  z: -414.25812266697704
  yaw: -0.47781372
  pitch: -3.5336792
lastAccountName: boneythebeast9
timestamps:
  login: 1513282399849
  lastteleport: 1513280446097
  logout: 1513282974909
ipAddress: 76.112.47.206
money: '500.0'
logoutlocation:
  world: LionHUB
  x: 953.6905174936817
  y: 37.5
  z: -413.8883011509817
  yaw: 272.52277
  pitch: 13.716334
