lastlocation:
  world: LionHUB
  x: 746.7682602105466
  y: 8.495200877005914
  z: 3669.788434422372
  yaw: -28.84375
  pitch: 15.424462
lastAccountName: DudunKasep98
timestamps:
  login: 1521445988791
  logout: 1521446367782
  lastteleport: 1521446355295
ipAddress: 103.213.129.234
logoutlocation:
  world: MainLobby
  x: 9.23456191315794
  y: 58.5
  z: -0.3604335541915976
  yaw: -70.96474
  pitch: -18.14147
money: '0.0'
