lastlocation:
  world: LionHUB
  x: 943.0644037800563
  y: 38.0
  z: -414.69615849648756
  yaw: -1.7533569
  pitch: 1.7075297
lastAccountName: AirCactus
timestamps:
  login: 1507647958107
  logout: 1507647969625
ipAddress: 72.213.54.203
logoutlocation:
  world: LionHUB
  x: 942.9575915746922
  y: 38.0
  z: -414.878168716412
  yaw: 206.2247
  pitch: 1.1841693
