timestamps:
  lastteleport: 1498804402639
  login: 1498804391576
  logout: 1498804401381
lastlocation:
  world: LionHUB
  x: 30.5
  y: 67.0
  z: 15.5
  yaw: 90.11987
  pitch: -0.34908158
socialspy: false
lastAccountName: QoniaNazl
ipAddress: 202.80.216.111
logoutlocation:
  world: LionHUB
  x: 30.5
  y: 67.0
  z: 15.5
  yaw: 90.11987
  pitch: -0.34908158
