lastlocation:
  world: LionHUB
  x: 941.6119015367564
  y: 38.300576893466314
  z: -466.78400633253705
  yaw: -173.87811
  pitch: 16.349998
lastAccountName: Nikolavasic399
timestamps:
  login: 1514996660474
  lastteleport: 1514996735933
  logout: 1514996778375
ipAddress: 109.93.231.196
money: '0.0'
logoutlocation:
  world: Factions
  x: 116.30174369184247
  y: 70.0
  z: -316.4664533328525
  yaw: 67.47247
  pitch: 21.70053
