timestamps:
  lastteleport: 1499901725965
  login: 1499901722141
  logout: 1499901724405
lastlocation:
  world: LionHUB
  x: 93.5
  y: 45.0
  z: -62.5
  yaw: -359.88382
  pitch: -20.032845
socialspy: false
lastAccountName: JFByOrQz9lTY54ty
ipAddress: 208.111.120.173
logoutlocation:
  world: LionHUB
  x: 93.5
  y: 45.0
  z: -62.5
  yaw: -359.88382
  pitch: -20.032845
