lastAccountName: Domtoffolo
timestamps:
  login: 1505592399954
  logout: 1505588710569
  lastteleport: 1505592528983
ipAddress: 82.37.45.133
socialspy: false
logoutlocation:
  world: LionHUB
  x: 93.50848809898889
  y: 45.0
  z: -62.54658081977909
  yaw: -11.611334
  pitch: -8.611063
lastlocation:
  world: MainLobby
  x: 4.894181867960605
  y: 60.5
  z: 2.800987740493715
  yaw: 268.6
  pitch: 20.9
