lastAccountName: sXEduR
timestamps:
  login: 1502306628675
  lastteleport: 1502306643939
  logout: 1502306694255
ipAddress: 176.86.96.238
socialspy: false
lastlocation:
  world: LionHUB
  x: 93.09400291046144
  y: 46.0
  z: -58.23523034931165
  yaw: -1.2646776
  pitch: 12.936302
logoutlocation:
  world: LionHUB
  x: 93.51999108110613
  y: 45.0
  z: -62.30000001192093
  yaw: 4.3298297
  pitch: 21.246017
