lastlocation:
  world: LionHUB
  x: 943.0195191088159
  y: 38.0
  z: -414.25812266697704
  yaw: -0.47781372
  pitch: -3.5336792
lastAccountName: Keely7301
timestamps:
  login: 1515111802641
  logout: 1515111825966
ipAddress: 101.162.150.67
logoutlocation:
  world: LionHUB
  x: 942.4454399610755
  y: 38.0
  z: -414.0689133481324
  yaw: -100.43884
  pitch: 8.8696
