lastlocation:
  world: LionHUB
  x: 942.0
  y: 38.0
  z: -415.0
  yaw: 0.0
  pitch: 0.0
lastAccountName: ZiDaN___
timestamps:
  login: 1514137809813
  logout: 1514137886543
ipAddress: 77.139.106.123
logoutlocation:
  world: LionHUB
  x: 944.9969231068433
  y: 37.5
  z: -401.78077708092735
  yaw: -145.37769
  pitch: 11.616315
