lastlocation:
  world: LionHUB
  x: 946.9502314276084
  y: 37.0
  z: -411.3112200915029
  yaw: -212.12756
  pitch: -4.199998
