lastlocation:
  world: UhcMeetup
  x: 69.50763806338091
  y: 69.93028001492696
  z: 145.00805807105692
  yaw: -203.5091
  pitch: 22.555687
lastAccountName: trtfgvb
timestamps:
  login: 1517166924417
  lastteleport: 1517166970453
  logout: 1517167300045
ipAddress: 79.167.35.99
money: '0.0'
logoutlocation:
  world: MainLobby
  x: 6.966740032223922
  y: 59.0
  z: 0.9263263640007833
  yaw: -243.63254
  pitch: 8.243802
