lastAccountName: Kobe2
timestamps:
  login: 1506437742999
  logout: 1506437924975
  lastteleport: 1506437807978
ipAddress: 81.165.253.201
socialspy: false
logoutlocation:
  world: SkyBlock
  x: 0.7119499915458964
  y: 65.0
  z: 2.18206407525175
  yaw: -0.108947754
  pitch: 13.073776
lastlocation:
  world: SkyBlock
  x: 134.15722645438896
  y: 66.0
  z: 20.752989071728624
  yaw: 71.85155
  pitch: 25.635445
