lastAccountName: YoloGeier3000
timestamps:
  login: 1502565634581
  logout: 1502565642983
ipAddress: 87.133.123.52
socialspy: false
logoutlocation:
  world: LionHUB
  x: 93.73736271890526
  y: 46.0
  z: -60.92000837451202
  yaw: -1.1113324
  pitch: 6.8389397
