lastAccountName: Gutu_GJ
timestamps:
  login: 1503771924697
  lastteleport: 1503771689910
  logout: 1503771938676
ipAddress: 94.54.0.77
socialspy: false
lastlocation:
  world: LionHUB
  x: 93.5390278259656
  y: 46.0
  z: -60.72136576792258
  yaw: 0.13798319
  pitch: 10.993768
logoutlocation:
  world: LionHUB
  x: 92.25975988913557
  y: 46.5
  z: -60.203264328673185
  yaw: 41.72186
  pitch: 22.971731
