lastlocation:
  world: LionHUB
  x: 891.0494719627659
  y: 39.00133597911215
  z: -414.95635235252195
  yaw: 87.99874
  pitch: 6.860877
lastAccountName: crazyyMoDzMaN
timestamps:
  login: 1510650564724
  lastteleport: 1510650588925
  logout: 1510650606714
ipAddress: 76.111.246.163
logoutlocation:
  world: SkyBlock
  x: 2.1569124311751375
  y: 64.0
  z: 45.902247524898776
  yaw: 359.49933
  pitch: 1.4008675
