timestamps:
  lastteleport: 1499901712881
  login: 1499901683412
  logout: 1499901711629
lastlocation:
  world: LionHUB
  x: 93.5
  y: 45.0
  z: -62.5
  yaw: -359.88382
  pitch: -20.032845
lastAccountName: yTN9imnYqSu5DIGb
ipAddress: 50.63.167.115
socialspy: false
logoutlocation:
  world: LionHUB
  x: 93.5
  y: 45.0
  z: -62.5
  yaw: -359.88382
  pitch: -20.032845
