lastlocation:
  world: LionHUB
  x: 746.4592455243042
  y: 10.0
  z: 3608.7898504515924
  yaw: -0.10546875
  pitch: -4.859901
lastAccountName: Eldorando
timestamps:
  login: 1517413898310
  logout: 1517414182569
ipAddress: 212.237.120.201
logoutlocation:
  world: LionHUB
  x: 751.8220944902451
  y: 5.0
  z: 3646.346063216808
  yaw: 168.2467
  pitch: 32.100002
