lastAccountName: Abod__Playz__
timestamps:
  login: 1510666163034
  lastteleport: 1510666239573
  logout: 1510666450403
ipAddress: 185.220.112.46
socialspy: false
lastlocation:
  world: MainLobby
  x: -0.5335005639400162
  y: 60.0
  z: 0.46918172662426155
  yaw: -89.0
  pitch: 2.0
logoutlocation:
  world: MainLobby
  x: -0.5335005639400162
  y: 60.0
  z: 0.4691817266242615
  yaw: -89.0
  pitch: 2.0
