lastAccountName: XQII_MVP
timestamps:
  login: 1510320093868
  lastteleport: 1510319831056
  logout: 1510320109637
ipAddress: 202.62.17.43
socialspy: false
lastlocation:
  world: LionHUB
  x: 943.0195191088159
  y: 38.0
  z: -414.25812266697704
  yaw: -0.47781372
  pitch: -3.5336792
logoutlocation:
  world: LionHUB
  x: 943.0195191088159
  y: 38.0
  z: -414.25812266697704
  yaw: 359.5222
  pitch: -3.5336792
