lastAccountName: llooll12
timestamps:
  login: 1504550488053
  lastteleport: 1504542650880
  logout: 1504550743152
ipAddress: 2.222.188.74
socialspy: false
lastlocation:
  world: LionHUB
  x: 91.51746609393733
  y: 48.0
  z: -46.13944243222306
  yaw: 15.087076
  pitch: 17.162155
logoutlocation:
  world: LionHUB
  x: 92.82590431633166
  y: 46.5
  z: -52.973051024176364
  yaw: 207.98706
  pitch: -6.537841
