lastAccountName: Imsh3lderPro
timestamps:
  login: 1505816796657
  lastteleport: 1505816813220
  logout: 1505817310001
ipAddress: 79.9.147.85
socialspy: false
lastlocation:
  world: LionHUB
  x: 93.55893190305505
  y: 46.0
  z: -58.34018005488218
  yaw: -25.56321
  pitch: 8.462166
logoutlocation:
  world: lobby_practice
  x: -27.89505178165285
  y: 99.0
  z: -3076.1806033624302
  yaw: 359.54996
  pitch: -67.47411
