timestamps:
  lastteleport: 1499901639984
  login: 1499901636813
lastlocation:
  world: LionHUB
  x: 93.5
  y: 45.0
  z: -62.5
  yaw: -359.88382
  pitch: -20.032845
socialspy: false
lastAccountName: vMr4gIGhirYHtA0Y
ipAddress: 85.235.173.42
logoutlocation:
  world: LionHUB
  x: 93.5
  y: 45.0
  z: -62.5
  yaw: -359.88382
  pitch: -20.032845
