lastlocation:
  world: LionHUB
  x: 953.5898598344213
  y: 53.0
  z: -430.94823157356694
  yaw: -282.92212
  pitch: 11.072756
lastAccountName: SavgeModz154
timestamps:
  login: 1516351738964
  logout: 1516352332693
  lastteleport: 1516352324945
ipAddress: 79.66.144.82
logoutlocation:
  world: parkour
  x: 1.176026834614822
  y: 20.0
  z: 5.8560279387257275
  yaw: 171.46854
  pitch: 8.04743
money: '0.0'
