socialspy: false
lastAccountName: polfrol34
timestamps:
  login: 1505147715857
  lastteleport: 1504522487884
  logout: 1505147745511
ipAddress: 81.198.108.109
lastlocation:
  world: LionHUB
  x: 100.40473553216044
  y: 5.0
  z: -115.74760308757548
  yaw: -339.3189
  pitch: 7.693935
logoutlocation:
  world: LionHUB
  x: 91.49461712077733
  y: 47.0
  z: -59.635269913275685
  yaw: -116.56821
  pitch: 27.204985
