lastAccountName: Crafterhd_YT
timestamps:
  login: 1510938270404
  lastteleport: 1510937887341
  logout: 1510938271540
ipAddress: 134.3.254.7
socialspy: false
lastlocation:
  world: LionHUB
  x: 943.0195191088159
  y: 38.0
  z: -414.25812266697704
  yaw: -57.934814
  pitch: -3.5336792
money: '104.0'
logoutlocation:
  world: LionHUB
  x: 943.0195191088159
  y: 38.0
  z: -414.25812266697704
  yaw: -0.47781372
  pitch: -3.5336792
