lastlocation:
  world: LionHUB
  x: 994.6419158131457
  y: 38.54417707084856
  z: -415.1967038285351
  yaw: -94.67789
  pitch: -13.733677
lastAccountName: josephsinclair04
timestamps:
  login: 1515349064941
  lastteleport: 1515349669366
  logout: 1515349675870
ipAddress: 78.144.210.23
money: '0.0'
logoutlocation:
  world: Sg
  x: -96.89107217639685
  y: 71.20000004768372
  z: 58.263773592188954
  yaw: -96.33339
  pitch: 66.66573
