lastAccountName: Gamesftw
timestamps:
  login: 1506286743477
  lastteleport: 1506286500051
  logout: 1506286744959
ipAddress: 46.136.147.86
socialspy: false
lastlocation:
  world: LionHUB
  x: 93.50656397155105
  y: 46.0
  z: -72.40976680875137
  yaw: 173.85448
  pitch: 5.864465
logoutlocation:
  world: LionHUB
  x: 93.51999108110613
  y: 45.0
  z: -62.30000001192093
  yaw: -1.2632126
  pitch: 11.762165
