lastlocation:
  world: LionHUB
  x: 943.0195191088159
  y: 38.0
  z: -414.25812266697704
  yaw: -0.47781372
  pitch: -3.5336792
lastAccountName: KingofAgelGHG
timestamps:
  login: 1511817870046
  lastteleport: 1511629862651
  logout: 1511817872473
ipAddress: 80.109.219.219
money: '500.0'
logoutlocation:
  world: LionHUB
  x: 943.8516347906203
  y: 38.0
  z: -414.2681283194159
  yaw: 358.8278
  pitch: -3.394801
