lastlocation:
  world: LionHUB
  x: 756.3000000119209
  y: 3.0
  z: 3919.300000011921
  yaw: -1.9577637
  pitch: 2.5786104
