lastlocation:
  world: UhcMeetup
  x: 133.05424541442764
  y: 67.78221370151415
  z: 104.1026037261654
  yaw: 180.11821
  pitch: 10.121025
lastAccountName: Miltoswin
timestamps:
  login: 1516441879411
  lastteleport: 1516444552826
  logout: 1516444690199
ipAddress: 2.85.68.128
money: '0.0'
logoutlocation:
  world: MainLobby
  x: -0.2453318659013906
  y: 60.0
  z: 2.3349440744772902
  yaw: 61.196125
  pitch: 9.688883
