lastlocation:
  world: LionHUB
  x: 942.0
  y: 38.0
  z: -415.0
  yaw: 0.0
  pitch: 0.0
lastAccountName: _Danik_06
timestamps:
  login: 1512126090516
  logout: 1512126163071
ipAddress: 178.54.23.246
logoutlocation:
  world: LionHUB
  x: 932.2397921019045
  y: 40.5
  z: -405.28982124105096
  yaw: -272.12784
  pitch: 19.266321
