lastlocation:
  world: LionHUB
  x: 943.1053678313391
  y: 37.0
  z: -404.6999553078767
  yaw: -1.8922718
  pitch: -5.367235
lastAccountName: CloudedMC
timestamps:
  login: 1514672222519
  lastteleport: 1514672264230
  logout: 1514672271367
ipAddress: 50.66.232.55
money: '0.0'
logoutlocation:
  world: Factions
  x: 122.09086362173392
  y: 70.0
  z: -320.11366154046425
  yaw: -274.36688
  pitch: 8.820574
