lastlocation:
  world: LionHUB
  x: 1393.6100843236973
  y: 7.0
  z: -385.72839633923553
  yaw: 249.49683
  pitch: 14.100037
