timestamps:
  lastteleport: 1511009895491
  login: 1511009728929
  logout: 1511009956752
lastlocation:
  world: LionHUB
  x: 907.3000000119209
  y: 37.0
  z: -440.3645226076824
  yaw: 35.67198
  pitch: 16.799984
socialspy: false
lastAccountName: ThatsZman
ipAddress: 97.85.83.159
logoutlocation:
  world: MainLobby
  x: 5.925000011920929
  y: 60.0
  z: -2.7572362754659645
  yaw: 39.236595
  pitch: 15.876375
