lastlocation:
  world: LionHUB
  x: 940.7495947829865
  y: 37.0
  z: -367.87669111091355
  yaw: 4.685669
  pitch: -11.288967
socialspy: false
lastAccountName: Craft_Like_Crazy
timestamps:
  login: 1507519908825
  lastteleport: 1507519920506
  logout: 1507519957786
ipAddress: 69.125.250.127
logoutlocation:
  world: MainLobby
  x: 22.343446167536293
  y: 58.0
  z: -0.10064979470248431
  yaw: 90.75334
  pitch: 6.993428
