lastAccountName: AllTrapMusic
timestamps:
  login: 1502848838851
  logout: 1502848859304
ipAddress: 49.146.231.93
socialspy: false
logoutlocation:
  world: LionHUB
  x: 90.49703363522447
  y: 46.5
  z: -63.39313559391425
  yaw: -198.66132
  pitch: 20.188936
