lastAccountName: IchSchleckeEis
timestamps:
  login: 1502136589346
  mute: 0
  logout: 1502136623042
ipAddress: 93.82.111.2
socialspy: false
muted: true
logoutlocation:
  world: LionHUB
  x: 93.51999108110613
  y: 45.0
  z: -62.30000001192093
  yaw: 11.397235
  pitch: 18.782965
