lastAccountName: drake338
timestamps:
  login: 1504213809278
  lastteleport: 1504213846991
  logout: 1504214114869
ipAddress: 99.16.255.55
socialspy: false
lastlocation:
  world: LionHUB
  x: 93.97050420514189
  y: 47.4807108763317
  z: -47.59566298421771
  yaw: 6.949296
  pitch: 1.6248469
logoutlocation:
  world: MainLobby
  x: 3.3000000119209236
  y: 58.0
  z: -18.791590387489258
  yaw: 235.72174
  pitch: 25.565607
