lastlocation:
  world: LionHUB
  x: 946.7397422685258
  y: 37.0
  z: -421.3665808702181
  yaw: -2.127716
  pitch: -7.283678
lastAccountName: TheSaulKing
timestamps:
  login: 1513457244347
  logout: 1513457351875
  lastteleport: 1513457343407
ipAddress: 2.37.157.88
logoutlocation:
  world: MainLobby
  x: 9.018579420215293
  y: 60.0
  z: 0.5218511739076348
  yaw: -61.413525
  pitch: 10.176354
money: '0.0'
