lastlocation:
  world: LionHUB
  x: 757.5867832476331
  y: 5.0
  z: 3637.0152641020104
  yaw: -108.773384
  pitch: 13.378075
lastAccountName: Leaving
timestamps:
  login: 1517769668912
  lastteleport: 1517769688722
  logout: 1517769740252
ipAddress: 79.68.186.52
money: '0.0'
logoutlocation:
  world: MainLobby
  x: 21.351075315125527
  y: 57.0
  z: -19.875081440743273
  yaw: -170.78181
  pitch: -5.0137615
