socialspy: false
lastAccountName: Gemie21K
timestamps:
  login: 1501145135435
  logout: 1501145141151
ipAddress: 36.70.84.188
logoutlocation:
  world: LionHUB
  x: 49.23790120048649
  y: 4.0
  z: -91.5082848756997
  yaw: -14.218051
  pitch: 20.084066
