timestamps:
  lastteleport: 1499901703446
  login: 1499901667844
  logout: 1499901702189
lastlocation:
  world: LionHUB
  x: 93.35
  y: 45.0
  z: -62.35
  yaw: -359.88382
  pitch: -20.032845
lastAccountName: ObpVZVfmC_gz6wFe
ipAddress: 173.230.94.124
socialspy: false
logoutlocation:
  world: LionHUB
  x: 93.5
  y: 45.0
  z: -62.5
  yaw: -359.88382
  pitch: -20.032845
