lastAccountName: xXDanOPXx
timestamps:
  login: 1506220959985
  logout: 1506220994850
ipAddress: 72.141.72.7
socialspy: false
logoutlocation:
  world: LionHUB
  x: 93.50848809898889
  y: 45.0
  z: -62.54658081977909
  yaw: 1.2886657
  pitch: -0.7864431
