timestamps:
  lastteleport: 1499901680651
  login: 1499901669838
  logout: 1499901680566
lastlocation:
  world: LionHUB
  x: 49.23790120048649
  y: 4.0
  z: -91.5082848756997
  yaw: 92.28638
  pitch: 74.49833
socialspy: false
lastAccountName: plzm2mavWf9J_lJC
ipAddress: 188.120.244.147
logoutlocation:
  world: LionHUB
  x: 93.5
  y: 45.0
  z: -62.5
  yaw: -359.88382
  pitch: -20.032845
