lastlocation:
  world: LionHUB
  x: 943.324024408794
  y: 38.0
  z: -363.1180392729138
  yaw: 0.46307373
  pitch: 8.601883
lastAccountName: PKiki
timestamps:
  login: 1508680380236
  lastteleport: 1508680419345
  logout: 1508680448220
ipAddress: 77.110.181.32
logoutlocation:
  world: MainLobby
  x: 10.197879522512618
  y: 57.0
  z: -8.57555152581055
  yaw: 207.38652
  pitch: 29.676355
