lastAccountName: HuskerHamFam123
timestamps:
  login: 1501711439074
  lastteleport: 1501711523253
  logout: 1501711748691
ipAddress: 69.40.18.131
socialspy: false
lastlocation:
  world: LionHUB
  x: 92.43887941585633
  y: 47.0
  z: -47.882225583090175
  yaw: -277.193
  pitch: 32.83811
logoutlocation:
  world: MainLobby
  x: 20.553027788416166
  y: 58.0
  z: -0.08490193360374607
  yaw: 61.32184
  pitch: 23.296833
