lastlocation:
  world: LionHUB
  x: 944.5533403783883
  y: 38.0
  z: -466.9289974866964
  yaw: 187.34706
  pitch: -0.5319402
lastAccountName: propene
timestamps:
  login: 1513806082949
  lastteleport: 1513806105666
  kits:
    starter: 1513806125613
  logout: 1513806922483
ipAddress: 98.206.128.161
money: '0.0'
logoutlocation:
  world: Factions
  x: 225.45152403460816
  y: 32.47824999731779
  z: -292.1724213026464
  yaw: -341.8927
  pitch: 41.064213
