timestamps:
  lastteleport: 1499901647416
  login: 1499901646280
lastlocation:
  world: LionHUB
  x: 93.5
  y: 45.0
  z: -62.5
  yaw: -359.88382
  pitch: -20.032845
lastAccountName: rE4PQ6XKbXkSwFmh
ipAddress: 36.67.27.93
socialspy: false
logoutlocation:
  world: LionHUB
  x: 93.5
  y: 45.0
  z: -62.5
  yaw: -359.88382
  pitch: -20.032845
