socialspy: false
lastAccountName: KiLLeR_Agr
timestamps:
  login: 1502979119249
  lastteleport: 1502966645948
  logout: 1502979124053
ipAddress: 213.8.204.61
lastlocation:
  world: LionHUB
  x: 95.83765843074244
  y: 47.0
  z: -51.9940513582915
  yaw: -58.26133
  pitch: 27.83894
logoutlocation:
  world: LionHUB
  x: 93.95076324898548
  y: 45.0
  z: -62.43256660302072
  yaw: -1.2632126
  pitch: 11.762165
