timestamps:
  lastteleport: 1498765158985
  login: 1498764989669
  logout: 1498765157169
lastlocation:
  world: LionHUB
  x: 23.76774801720923
  y: 65.0
  z: 32.21777904838622
  yaw: 3.9737058
  pitch: 21.963387
lastAccountName: Peffaria
ipAddress: 50.109.105.150
socialspy: false
logoutlocation:
  world: LionHUB
  x: 30.5
  y: 67.0
  z: 15.5
  yaw: 90.11987
  pitch: -0.34908158
