lastAccountName: qazxswcdecde
timestamps:
  login: 1504198156750
  lastteleport: 1504198185391
  logout: 1504198371493
ipAddress: 212.126.113.138
socialspy: false
lastlocation:
  world: LionHUB
  x: 93.58642381934732
  y: 48.0
  z: -46.7769443042199
  yaw: -0.66130906
  pitch: -0.9610636
logoutlocation:
  world: MainLobby
  x: 9.264529056065212
  y: 60.0
  z: 0.16656342050171283
  yaw: -70.850006
  pitch: 14.35002
