lastAccountName: yacoubypl
timestamps:
  login: 1505057879641
  lastteleport: 1504119467549
  logout: 1505057949072
ipAddress: 82.102.202.231
socialspy: false
lastlocation:
  world: LionHUB
  x: 93.32215656980675
  y: 47.0
  z: -47.48575762162271
  yaw: -6.66133
  pitch: -5.6110845
logoutlocation:
  world: LionHUB
  x: 93.83572105996213
  y: 45.5
  z: -62.9883301011761
  yaw: 147.68675
  pitch: 24.900005
