lastlocation:
  world: Factions
  x: 234.07499998807907
  y: 33.0
  z: -483.84826234667514
  yaw: 274.62573
  pitch: -5.2659626
lastAccountName: zLacoste
timestamps:
  login: 1512412892785
  logout: 1512413940847
  lastteleport: 1512412926701
ipAddress: 95.90.215.9
logoutlocation:
  world: Factions
  x: 122.0
  y: 71.0
  z: -312.0
  yaw: 0.0
  pitch: 0.0
money: '0.0'
