lastAccountName: DieCollegeBlock
timestamps:
  login: 1506208150750
  logout: 1506208235307
ipAddress: 92.72.216.80
socialspy: false
logoutlocation:
  world: FFA
  x: 13.0
  y: 11.0
  z: -149.0
  yaw: 166.45886
  pitch: 14.731893
