lastAccountName: xXjojo_dragonXx
timestamps:
  login: 1508601015839
  lastteleport: 1505063909335
  logout: 1508601154599
ipAddress: 81.11.194.10
socialspy: false
lastlocation:
  world: LionHUB
  x: 942.9847941585354
  y: 38.0
  z: -414.80756805231493
  yaw: 0.46307373
  pitch: 4.701889
logoutlocation:
  world: LionHUB
  x: 948.6553354464054
  y: 37.0
  z: -396.89293222888944
  yaw: -30.668396
  pitch: 5.326992
