lastlocation:
  world: LionHUB
  x: 942.0
  y: 38.0
  z: -415.0
  yaw: 0.0
  pitch: 0.0
lastAccountName: User_6768
timestamps:
  login: 1514667985204
  logout: 1514667986637
ipAddress: 99.226.222.111
logoutlocation:
  world: LionHUB
  x: 943.0195191088159
  y: 38.0
  z: -414.25812266697704
  yaw: 52.472187
  pitch: 20.316319
