lastlocation:
  world: parkour
  x: 980.3805636534945
  y: 4.0
  z: 1008.7426997281549
  yaw: 17.421783
  pitch: 13.89804
lastAccountName: Nobbgamer3000
timestamps:
  login: 1516125602200
  lastteleport: 1516125735014
  logout: 1516126088860
ipAddress: 46.59.253.252
money: '0.0'
logoutlocation:
  world: parkour
  x: 983.5
  y: 29.0
  z: 1000.5
  yaw: 357.0499
  pitch: 34.50003
