lastlocation:
  world: map
  x: -980.0549480665486
  y: 6.0
  z: 271.5553141769032
  yaw: 269.85202
  pitch: -0.2910303
money: '0.0'
lastAccountName: Dreqmz
timestamps:
  login: 1518312231810
  logout: 1518313534900
  lastteleport: 1518312261545
ipAddress: 97.89.111.214
logoutlocation:
  world: map
  x: -958.4732908319445
  y: 23.0
  z: 247.07499998807907
  yaw: -177.79498
  pitch: 56.73429
