lastlocation:
  world: LionHUB
  x: 942.6214448079271
  y: 37.0
  z: -366.41766600385574
  yaw: -292.03183
  pitch: -22.133497
lastAccountName: layte
timestamps:
  login: 1508592510218
  lastteleport: 1508592551735
  logout: 1508592606188
ipAddress: 173.25.37.14
logoutlocation:
  world: MainLobby
  x: 15.656138571876268
  y: 57.0
  z: 0.2748045432362523
  yaw: 221.69441
  pitch: 11.441108
