lastAccountName: procha1970
timestamps:
  login: 1504908267529
  lastteleport: 1504908276405
  logout: 1504908974529
ipAddress: 99.16.255.55
socialspy: false
lastlocation:
  world: LionHUB
  x: 92.96317677054913
  y: 48.170787077218804
  z: -47.09680256342757
  yaw: -12.354068
  pitch: 9.987629
logoutlocation:
  world: MainLobby
  x: 3.6726748250469345
  y: 62.0
  z: 5.498307497679805
  yaw: -215.34717
  pitch: 16.551199
