lastAccountName: azii
timestamps:
  login: 1515069979787
  lastteleport: 1503222108491
  logout: 1503223276058
ipAddress: 78.1.178.145
socialspy: false
lastlocation:
  world: LionHUB
  x: 943.0195191088159
  y: 38.0
  z: -414.25812266697704
  yaw: -0.47781372
  pitch: -3.5336792
logoutlocation:
  world: LionHUB
  x: 942.0
  y: 38.0
  z: -415.0
  yaw: 0.0
  pitch: 0.0
