lastlocation:
  world: MainLobby
  x: 8.489903848262571
  y: 60.0
  z: -0.17979358880115937
  yaw: -87.5742
  pitch: 32.120102
lastAccountName: paradoxkrab
timestamps:
  login: 1512237434884
  lastteleport: 1512236353265
  logout: 1512236610923
ipAddress: 76.176.160.238
money: '500.0'
logoutlocation:
  world: LionHUB
  x: 943.0195191088159
  y: 38.0
  z: -414.25812266697704
  yaw: -0.47781372
  pitch: -3.5336792
