lastAccountName: IRONMAN1515
timestamps:
  login: 1504417347347
  logout: 1504417436873
ipAddress: 68.202.165.211
socialspy: false
logoutlocation:
  world: LionHUB
  x: 101.69999998807907
  y: 46.0
  z: -67.07499998807907
  yaw: 261.23657
  pitch: 48.599953
