timestamps:
  lastteleport: 1499901654400
  login: 1499901652786
  logout: 1499901653494
lastlocation:
  world: LionHUB
  x: 93.5
  y: 45.0
  z: -62.5
  yaw: -359.88382
  pitch: -20.032845
lastAccountName: AtR6l_WIzI3_WR8H
ipAddress: 163.121.188.3
socialspy: false
logoutlocation:
  world: LionHUB
  x: 93.5
  y: 45.0
  z: -62.5
  yaw: -359.88382
  pitch: -20.032845
