lastlocation:
  world: KitPvP
  x: 338.53926634579824
  y: 20.0
  z: -740.59968833642
  yaw: -42.934826
  pitch: -39.598537
