lastlocation:
  world: LionHUB
  x: 942.9847941585354
  y: 38.0
  z: -414.80756805231493
  yaw: -0.13693237
  pitch: 4.551889
lastAccountName: leqqqiiit
timestamps:
  login: 1507904267199
  logout: 1507904305625
ipAddress: 37.201.7.20
logoutlocation:
  world: LionHUB
  x: 943.0183806713785
  y: 37.0
  z: -405.09725712621156
  yaw: 176.74669
  pitch: 5.9075356
