lastlocation:
  world: LionHUB
  x: 951.914675007034
  y: 37.0
  z: -376.1279809550042
  yaw: 263.7341
  pitch: 22.94923
