lastlocation:
  world: LionHUB
  x: 942.0
  y: 38.0
  z: -415.0
  yaw: 0.0
  pitch: 0.0
lastAccountName: limeecong
timestamps:
  login: 1514473816193
  logout: 1514473839370
ipAddress: 14.192.212.198
logoutlocation:
  world: LionHUB
  x: 943.0196807118654
  y: 38.0
  z: -414.2044577715308
  yaw: -0.47781372
  pitch: -3.5336792
