socialspy: false
lastAccountName: Lxxius_
timestamps:
  login: 1502114235372
  lastteleport: 1502114125699
  logout: 1502114339794
ipAddress: 78.187.142.124
lastlocation:
  world: LionHUB
  x: 95.43243662809276
  y: 46.0
  z: -55.70896044438849
  yaw: 114.38678
  pitch: -34.737827
logoutlocation:
  world: FFA
  x: 1.0
  y: 13.0
  z: 0.0
  yaw: -202.91118
  pitch: 24.62178
