timestamps:
  lastteleport: 1516472202366
  login: 1516472886803
  logout: 1516474119664
lastlocation:
  world: skywars
  x: 102.5
  y: 150.0
  z: -129.5
  yaw: -2.2522888
  pitch: -12.645975
lastAccountName: ija_8odwa
ipAddress: 197.0.77.133
socialspy: false
logoutlocation:
  world: LionHUB
  x: 904.1497500119209
  y: 38.0
  z: -451.69999998807907
  yaw: 140.8223
  pitch: 7.7162967
money: '500.0'
