timestamps:
  lastteleport: 1499981955791
  login: 1499981913328
  logout: 1499981953989
lastlocation:
  world: LionHUB
  x: 92.9220090771558
  y: -925.3875972895366
  z: -61.20952839599615
  yaw: -16.60202
  pitch: -38.85769
socialspy: false
lastAccountName: latvian
ipAddress: 84.237.207.101
logoutlocation:
  world: LionHUB
  x: 93.5
  y: 45.0
  z: -62.5
  yaw: -359.88382
  pitch: -20.032845
