lastlocation:
  world: LionHUB
  x: 943.5588860483405
  y: 38.0
  z: -363.00783558385314
  yaw: 11.529834
  pitch: 24.978245
lastAccountName: bndr_ksa
timestamps:
  login: 1512227347451
  lastteleport: 1512227524685
  logout: 1512227558618
ipAddress: 188.54.80.11
money: '0.0'
logoutlocation:
  world: MainLobby
  x: 23.24582642507216
  y: 58.0
  z: 0.493911380530335
  yaw: -90.85474
  pitch: 5.599016
