lastlocation:
  world: LionHUB
  x: 942.9847941585354
  y: 38.0
  z: -414.80756805231493
  yaw: -359.53693
  pitch: 4.701889
lastAccountName: TExpiredT
timestamps:
  login: 1510524090584
  logout: 1510524223877
ipAddress: 209.6.105.224
logoutlocation:
  world: LionHUB
  x: 952.4778343631099
  y: 53.0
  z: -430.73257133444287
  yaw: -34.487427
  pitch: 85.05
