lastlocation:
  world: skywars
  x: 102.5
  y: 150.0
  z: -129.5
  yaw: -2.2522888
  pitch: -12.645975
lastAccountName: Skiller_EnSk
timestamps:
  login: 1508691489256
  lastteleport: 1508590262311
  logout: 1508691632667
ipAddress: 79.208.151.77
logoutlocation:
  world: LionHUB
  x: 942.9395244330399
  y: 38.0
  z: -414.9798036988763
  yaw: -64.19017
  pitch: -18.757929
