lastlocation:
  world: LionHUB
  x: 94.02778693813707
  y: 46.0
  z: -56.717298219655504
  yaw: 95.14249
  pitch: 31.509153
socialspy: false
lastAccountName: ToggleForMyHax
timestamps:
  login: 1506604172400
  lastteleport: 1506604208769
  logout: 1506604277990
ipAddress: 31.19.126.108
logoutlocation:
  world: MainLobby
  x: 37.77640132521865
  y: 58.5
  z: 3.4561414788067077
  yaw: -294.78098
  pitch: 39.845886
