socialspy: false
lastAccountName: IbraCraftMC
timestamps:
  login: 1503922769136
  logout: 1503922958543
ipAddress: 103.47.132.40
logoutlocation:
  world: LionHUB
  x: 93.42392612452399
  y: 46.0
  z: -93.35581664102172
  yaw: 179.64001
  pitch: 15.599994
