lastlocation:
  world: LionHUB
  x: 942.9395244330399
  y: 38.0
  z: -414.9798036988763
  yaw: -4.153345
  pitch: 2.907533
lastAccountName: Tessa_Brookz
timestamps:
  login: 1508006691484
  logout: 1508006845673
  lastteleport: 1507753627829
ipAddress: 92.0.164.119
socialspy: false
logoutlocation:
  world: LionHUB
  x: 942.5
  y: 38.0
  z: -414.5
  yaw: 51.269745
  pitch: 90.0
nickname: Aria
