timestamps:
  lastteleport: 1499901631871
  login: 1499901629595
  logout: 1499901630608
lastlocation:
  world: LionHUB
  x: 93.5
  y: 45.0
  z: -62.5
  yaw: -359.88382
  pitch: -20.032845
socialspy: false
lastAccountName: 8BPkgyT1UNpCeP4a
ipAddress: 68.180.41.142
logoutlocation:
  world: LionHUB
  x: 93.5
  y: 45.0
  z: -62.5
  yaw: -359.88382
  pitch: -20.032845
