lastlocation:
  world: LionHUB
  x: 942.9847941585354
  y: 38.0
  z: -414.80756805231493
  yaw: -359.53693
  pitch: 4.701889
lastAccountName: StuckInABox
timestamps:
  login: 1510517976327
  logout: 1510518038739
ipAddress: 67.81.148.172
logoutlocation:
  world: LionHUB
  x: 935.8242161473291
  y: 37.0
  z: -372.5339361110495
  yaw: -262.16638
  pitch: -8.785663
