lastAccountName: Gerodep
socialspy: false
timestamps:
  login: 1506440491744
  logout: 1506440593659
ipAddress: 78.102.234.170
logoutlocation:
  world: LionHUB
  x: 93.67890575618159
  y: 47.0
  z: -51.95603757105775
  yaw: 308.03848
  pitch: 32.24999
