timestamps:
  lastteleport: 1499901640111
  login: 1499901636806
lastlocation:
  world: LionHUB
  x: 93.5
  y: 45.0
  z: -62.5
  yaw: -359.88382
  pitch: -20.032845
socialspy: false
lastAccountName: XmSLxiasXRFGt8Fp
ipAddress: 45.46.70.131
logoutlocation:
  world: LionHUB
  x: 93.5
  y: 45.0
  z: -62.5
  yaw: -359.88382
  pitch: -20.032845
