timestamps:
  lastteleport: 1499901671231
  login: 1499901666452
  logout: 1499901671077
lastlocation:
  world: LionHUB
  x: 93.35
  y: 45.0
  z: -62.35
  yaw: -359.88382
  pitch: -20.032845
socialspy: false
lastAccountName: 0ebZT_3W7XqYI1RM
ipAddress: 108.61.4.67
logoutlocation:
  world: LionHUB
  x: 93.5
  y: 45.0
  z: -62.5
  yaw: -359.88382
  pitch: -20.032845
