lastlocation:
  world: Factions
  x: 7046.644958806114
  y: 6.0
  z: 6212.041764039079
  yaw: 217.97133
  pitch: 32.04721
