lastlocation:
  world: Factions
  x: 114.30000001192093
  y: 63.0
  z: -220.1002416225218
  yaw: -275.70126
  pitch: 9.780602
