lastlocation:
  world: LionHUB
  x: 943.0195191088159
  y: 38.7531999805212
  z: -414.25812266697704
  yaw: -0.47781372
  pitch: -3.5336792
lastAccountName: blalbalalwfoa
timestamps:
  login: 1517413224984
  logout: 1517413228857
ipAddress: 191.163.171.143
logoutlocation:
  world: LionHUB
  x: 746.4592455243042
  y: 10.0
  z: 3608.7898504515924
  yaw: -0.10546875
  pitch: -4.859901
