timestamps:
  lastteleport: 1499901685623
  login: 1499901666502
  logout: 1499901685413
lastlocation:
  world: LionHUB
  x: 93.35
  y: 45.0
  z: -62.35
  yaw: -359.88382
  pitch: -20.032845
lastAccountName: w94RREsJ3jf6Cqp7
ipAddress: 5.135.166.108
socialspy: false
logoutlocation:
  world: LionHUB
  x: 93.5
  y: 45.0
  z: -62.5
  yaw: -359.88382
  pitch: -20.032845
