timestamps:
  lastteleport: 1501396027097
  login: 1506723157410
  logout: 1506723197945
lastlocation:
  world: LionHUB
  x: 93.51999108110613
  y: 45.0
  z: -62.30000001192093
  yaw: -1.2632126
  pitch: 11.762165
socialspy: false
lastAccountName: AdeOwl
ipAddress: 139.0.131.154
logoutlocation:
  world: LionHUB
  x: 93.7453634495022
  y: 45.5
  z: -62.99557379403952
  yaw: 4.737146
  pitch: 14.796791
