lastlocation:
  world: LionHUB
  x: 943.0644037800563
  y: 38.0
  z: -414.69615849648756
  yaw: -1.7533569
  pitch: 1.7075297
lastAccountName: iTeckus
timestamps:
  login: 1507001780787
  lastteleport: 1506997287385
  logout: 1507001784926
ipAddress: 174.124.147.28
socialspy: false
logoutlocation:
  world: LionHUB
  x: 943.0644037800563
  y: 38.0
  z: -414.69615849648756
  yaw: 357.8529
  pitch: -1.3862461
