lastlocation:
  world: LionHUB
  x: 720.2337457971909
  y: 5.0
  z: 3621.9159579343504
  yaw: -224.7473
  pitch: 1.100798
lastAccountName: Iceayy
timestamps:
  login: 1517791912727
  logout: 1517791929093
ipAddress: 99.189.140.203
logoutlocation:
  world: LionHUB
  x: 746.4592455243042
  y: 10.0
  z: 3608.7898504515924
  yaw: -0.10546875
  pitch: -4.859901
