timestamps:
  lastteleport: 1499901640048
  login: 1499901636819
lastlocation:
  world: LionHUB
  x: 93.5
  y: 45.0
  z: -62.5
  yaw: -359.88382
  pitch: -20.032845
lastAccountName: WrBSRYD4m1aaeq_S
ipAddress: 173.233.165.11
socialspy: false
logoutlocation:
  world: LionHUB
  x: 93.5
  y: 45.0
  z: -62.5
  yaw: -359.88382
  pitch: -20.032845
