lastlocation:
  world: LionHUB
  x: 92.67539192873478
  y: 47.0
  z: -48.54821782961501
  yaw: 359.96582
  pitch: 17.520016
lastAccountName: SuperFlynn22
timestamps:
  login: 1506570026569
  lastteleport: 1506570049451
  logout: 1506570157241
ipAddress: 139.192.59.35
socialspy: false
logoutlocation:
  world: SkyBlock
  x: -2.91274250686411
  y: 65.0
  z: -0.37419752418783014
  yaw: 248.94571
  pitch: -3.5143332
