timestamps:
  lastteleport: 1499901725664
  login: 1499901723345
  logout: 1499901724405
lastlocation:
  world: LionHUB
  x: 93.5
  y: 45.0
  z: -62.5
  yaw: -359.88382
  pitch: -20.032845
lastAccountName: pcJhLt6XUhYF6avs
ipAddress: 50.63.167.114
socialspy: false
logoutlocation:
  world: LionHUB
  x: 93.5
  y: 45.0
  z: -62.5
  yaw: -359.88382
  pitch: -20.032845
