lastlocation:
  world: Factions
  x: 130.94389731041497
  y: 67.0
  z: -512.8505599187754
  yaw: 45.833336
  pitch: -5.701463
