lastlocation:
  world: MainLobby
  x: -0.5335005639400162
  y: 60.0
  z: 0.46918172662426155
  yaw: -89.0
  pitch: 2.0
lastAccountName: NOHAXJUSTGODNESS
timestamps:
  login: 1514549132466
  lastteleport: 1514548612565
  logout: 1514549498428
ipAddress: 197.1.45.52
money: '0.0'
logoutlocation:
  world: MainLobby
  x: 4.671804887676164
  y: 60.0
  z: -2.3000000119209263
  yaw: 6.100099
  pitch: 22.399998
