lastlocation:
  world: map
  x: -990.5
  y: 87.0
  z: 275.5
  yaw: -0.36170167
  pitch: -1.8668555
lastAccountName: WhereisMyCat
timestamps:
  login: 1518817428632
  lastteleport: 1518817546182
  logout: 1518817606892
ipAddress: 97.88.201.125
money: '0.0'
logoutlocation:
  world: map
  x: -995.2740371142994
  y: 7.0
  z: 230.80754463423702
  yaw: -81.59003
  pitch: 21.987938
