lastlocation:
  world: LionHUB
  x: 755.5766269639246
  y: 5.0
  z: 3572.8902451311887
  yaw: -202.98248
  pitch: -2.4543705
lastAccountName: NotABanana
timestamps:
  login: 1521469497988
  lastteleport: 1521469541838
  kits:
    starter: 1521469543694
  logout: 1521469627655
ipAddress: 84.85.105.224
money: '0.0'
logoutlocation:
  world: HCF
  x: -66.39933151144015
  y: 68.0
  z: 324.6999999880791
  yaw: -6.8199196
  pitch: 6.0676484
