timestamps:
  lastteleport: 1499901678078
  login: 1499901647057
  logout: 1499901671077
lastlocation:
  world: LionHUB
  x: 93.5
  y: 45.0
  z: -62.5
  yaw: -359.88382
  pitch: -20.032845
lastAccountName: _4gURwAV7xggPpA_
ipAddress: 183.239.240.138
socialspy: false
logoutlocation:
  world: LionHUB
  x: 93.5
  y: 45.0
  z: -62.5
  yaw: -359.88382
  pitch: -20.032845
