lastlocation:
  world: LionHUB
  x: 905.0457411612181
  y: 38.0
  z: -452.69999998807907
  yaw: 123.046776
  pitch: 16.257524
lastAccountName: Captinnoodle561
timestamps:
  login: 1508025989408
  lastteleport: 1508026161958
  logout: 1508026213589
ipAddress: 73.210.134.66
logoutlocation:
  world: LionHUB
  x: 942.0
  y: 38.0
  z: -415.0
  yaw: 123.046776
  pitch: 16.257524
