lastAccountName: LucJeGay
timestamps:
  login: 1506274203021
  lastteleport: 1506274218474
  logout: 1506275026260
ipAddress: 93.142.90.201
socialspy: false
lastlocation:
  world: LionHUB
  x: 93.42640674074049
  y: 48.0
  z: -46.684656721094576
  yaw: 0.08678667
  pitch: -24.38783
logoutlocation:
  world: MainLobby
  x: 8.647318777650195
  y: 59.0
  z: 1.4727761014163039
  yaw: -58.24949
  pitch: 10.550022
