lastlocation:
  world: LionHUB
  x: 942.0
  y: 38.0
  z: -415.0
  yaw: 0.0
  pitch: 0.0
lastAccountName: fachin08
timestamps:
  login: 1513982533943
  logout: 1513982566704
ipAddress: 181.67.2.27
logoutlocation:
  world: LionHUB
  x: 943.0195191088159
  y: 38.0
  z: -414.25812266697704
  yaw: -6.4778137
  pitch: -1.433678
