lastlocation:
  world: LionHUB
  x: 943.0195191088159
  y: 38.0
  z: -414.0086146862565
  yaw: 0.0
  pitch: 0.3
lastAccountName: Lanlan85
timestamps:
  login: 1513392803050
  logout: 1513392904747
ipAddress: 68.58.66.55
logoutlocation:
  world: LionHUB
  x: 945.5020294401911
  y: 37.0
  z: -421.0697789273429
  yaw: 359.6061
  pitch: 31.017227
