lastlocation:
  world: LionHUB
  x: 699.023991242852
  y: 5.0
  z: 3560.694391577051
  yaw: 129.56242
  pitch: 0.7191372
lastAccountName: djmatrixstyle
timestamps:
  login: 1519765312248
  lastteleport: 1519765341160
  logout: 1519765350965
ipAddress: 79.25.1.3
money: '0.0'
logoutlocation:
  world: Sg
  x: -94.26801415416475
  y: 5.0
  z: 51.277541509713934
  yaw: 84.19828
  pitch: -4.511507
