timestamps:
  lastteleport: 1499901701191
  login: 1499901683413
  logout: 1499901698797
lastlocation:
  world: LionHUB
  x: 49.23790120048649
  y: 4.0
  z: -91.5082848756997
  yaw: 92.28638
  pitch: 74.49833
socialspy: false
lastAccountName: f5LSDnMVyG8c5a2M
ipAddress: 181.56.9.161
logoutlocation:
  world: LionHUB
  x: 93.5
  y: 45.0
  z: -62.5
  yaw: -359.88382
  pitch: -20.032845
