timestamps:
  lastteleport: 1499901676027
  login: 1499901644636
  logout: 1499901671077
lastlocation:
  world: LionHUB
  x: 93.5
  y: 45.0
  z: -62.5
  yaw: -359.88382
  pitch: -20.032845
lastAccountName: _tZ5TvrpxkIjXWF5
ipAddress: 36.73.156.140
socialspy: false
logoutlocation:
  world: LionHUB
  x: 93.5
  y: 45.0
  z: -62.5
  yaw: -359.88382
  pitch: -20.032845
