lastAccountName: dungnhintaoOK
socialspy: false
timestamps:
  login: 1507905182708
  lastteleport: 1506947181998
  logout: 1507905268803
ipAddress: 113.183.2.81
lastlocation:
  world: LionHUB
  x: 942.9395244330399
  y: 38.0
  z: -414.9798036988763
  yaw: 355.84665
  pitch: 2.907533
logoutlocation:
  world: LionHUB
  x: 943.0499339821451
  y: 37.5
  z: -413.02309505297677
  yaw: 355.84665
  pitch: 2.907533
