lastlocation:
  world: lobby_practice
  x: 595.3556210732768
  y: 28.0
  z: -470.76797112435173
  yaw: -128.7738
  pitch: -7.370339
lastAccountName: CustomBluee
timestamps:
  login: 1512833262990
  logout: 1512834953059
  lastteleport: 1512833513599
  kits:
    starter: 1512344391206
ipAddress: 99.16.255.55
socialspy: false
logoutlocation:
  world: MainLobby
  x: 5.268477710313694
  y: 59.5
  z: 0.9729720671132787
  yaw: -140.46506
  pitch: 12.588769
money: '500.0'
homes:
  home:
    world: Factions
    x: 173.79361506717783
    y: 10.0
    z: 15.65406364642886
    yaw: -7.3693542
    pitch: 15.763776
