timestamps:
  lastteleport: 1498047188828
  login: 1498047048900
  logout: 1498047187824
lastlocation:
  world: MainLobby
  x: 6.577069081473187
  y: 59.0
  z: 2.0520125343038904
  yaw: -174.75003
  pitch: 9.150007
lastAccountName: Luciferdern
ipAddress: 78.8.138.81
socialspy: false
logoutlocation:
  world: LionHUB
  x: 30.5
  y: 67.0
  z: 15.5
  yaw: 90.11987
  pitch: -0.34908158
