lastAccountName: archB1SH0P
timestamps:
  login: 1503903025314
  logout: 1503903048582
ipAddress: 68.149.226.131
socialspy: false
logoutlocation:
  world: LionHUB
  x: 93.50848809898889
  y: 45.0
  z: -62.54658081977909
  yaw: 1.2886657
  pitch: -1.4110628
