timestamps:
  lastteleport: 1499901681245
  login: 1499901668347
  logout: 1499901680566
lastlocation:
  world: LionHUB
  x: 93.5
  y: 45.0
  z: -62.5
  yaw: -359.88382
  pitch: -20.032845
lastAccountName: uPtNciMwGsB6d_LI
ipAddress: 190.73.149.45
socialspy: false
logoutlocation:
  world: LionHUB
  x: 93.5
  y: 45.0
  z: -62.5
  yaw: -359.88382
  pitch: -20.032845
