timestamps:
  lastteleport: 1499901685946
  login: 1499901683408
  logout: 1499901685413
lastlocation:
  world: LionHUB
  x: 93.5
  y: 45.0
  z: -62.5
  yaw: -359.88382
  pitch: -20.032845
socialspy: false
lastAccountName: gDrB1ldex9ZHj0aL
ipAddress: 36.73.156.140
logoutlocation:
  world: LionHUB
  x: 93.5
  y: 45.0
  z: -62.5
  yaw: -359.88382
  pitch: -20.032845
