timestamps:
  lastteleport: 1500121267738
  login: 1506273929665
  logout: 1506273967869
lastlocation:
  world: MainLobby
  x: 18.00048555924781
  y: 58.0
  z: 26.839731633930676
  yaw: 91.69984
  pitch: 12.45001
socialspy: false
lastAccountName: SolichG
ipAddress: 93.142.90.201
logoutlocation:
  world: LionHUB
  x: 93.50848809898889
  y: 45.0
  z: -62.54658081977909
  yaw: 50.038647
  pitch: 0.08893706
