timestamps:
  lastteleport: 1499901682860
  login: 1499901652953
  logout: 1499901680566
lastlocation:
  world: LionHUB
  x: 93.5
  y: 45.0
  z: -62.5
  yaw: -359.88382
  pitch: -20.032845
socialspy: false
lastAccountName: C_Xj3D6pJ7polrjJ
ipAddress: 213.136.89.190
logoutlocation:
  world: LionHUB
  x: 93.5
  y: 45.0
  z: -62.5
  yaw: -359.88382
  pitch: -20.032845
