timestamps:
  lastteleport: 1499901647398
  login: 1499901640990
lastlocation:
  world: LionHUB
  x: 93.5
  y: 45.0
  z: -62.5
  yaw: -359.88382
  pitch: -20.032845
lastAccountName: 5AKQuOwbW7LlN0Nq
ipAddress: 88.225.216.167
socialspy: false
logoutlocation:
  world: LionHUB
  x: 93.5
  y: 45.0
  z: -62.5
  yaw: -359.88382
  pitch: -20.032845
