lastlocation:
  world: LionHUB
  x: 942.9847941585354
  y: 38.0
  z: -414.80756805231493
  yaw: -359.53693
  pitch: 4.701889
lastAccountName: Tryhqrdqr
timestamps:
  login: 1508195501377
  logout: 1508195635087
ipAddress: 24.99.62.88
logoutlocation:
  world: LionHUB
  x: 945.1080555936034
  y: 83.0
  z: -361.86250001192093
  yaw: 229.65492
  pitch: 25.226227
