lastlocation:
  world: LionHUB
  x: 904.0205039540025
  y: 38.05599999773502
  z: -378.30000001192093
  yaw: 44.82218
  pitch: 44.316307
lastAccountName: mustafa1443
timestamps:
  login: 1511978430680
  lastteleport: 1511978470838
  logout: 1511978478458
ipAddress: 88.242.230.55
money: '0.0'
logoutlocation:
  world: MainLobby
  x: 41.69999998807907
  y: 78.5
  z: 488.30000001192093
  yaw: -140.12437
  pitch: 68.280106
