lastAccountName: Mikis_cz
timestamps:
  login: 1506440411214
  logout: 1506440470863
ipAddress: 81.201.48.24
socialspy: false
logoutlocation:
  world: LionHUB
  x: 93.30000001192093
  y: 45.5
  z: -62.04721872135193
  yaw: -51.877518
  pitch: 15.576782
