lastAccountName: xProBiL
timestamps:
  login: 1503847907549
  lastteleport: 1503847933524
  logout: 1503848168681
ipAddress: 79.129.142.28
socialspy: false
lastlocation:
  world: LionHUB
  x: 93.17022956096544
  y: 46.0
  z: -60.4236969462982
  yaw: -3.116856
  pitch: 10.756561
logoutlocation:
  world: MainLobby
  x: 13.095641531795657
  y: 60.5
  z: 32.613972637044384
  yaw: -69.26251
  pitch: 46.993755
