lastlocation:
  world: MainLobby
  x: 57.465095222176906
  y: 88.79389426134601
  z: -2.178802151932739
  yaw: 89.37857
  pitch: 5.686475
lastAccountName: aebsaf
timestamps:
  login: 1514482391792
  lastteleport: 1514482412557
  logout: 1514482547946
ipAddress: 79.167.139.217
money: '0.0'
logoutlocation:
  world: MainLobby
  x: -0.5335005639400162
  y: 60.0
  z: 0.46918172662426155
  yaw: -89.0
  pitch: 2.0
