timestamps:
  lastteleport: 1499901635897
  login: 1499901632721
  logout: 1499901634990
lastlocation:
  world: LionHUB
  x: 93.35
  y: 45.0
  z: -62.35
  yaw: -359.88382
  pitch: -20.032845
lastAccountName: D1pQzN3XMk0ZzIsT
ipAddress: 178.62.171.190
socialspy: false
logoutlocation:
  world: LionHUB
  x: 93.5
  y: 45.0
  z: -62.5
  yaw: -359.88382
  pitch: -20.032845
