lastAccountName: Wolchu
timestamps:
  login: 1502170759286
  lastteleport: 1502170693300
  logout: 1502170777505
ipAddress: 39.120.182.138
socialspy: false
lastlocation:
  world: LionHUB
  x: 98.50085892378208
  y: 46.5
  z: -62.72438943016418
  yaw: -105.06136
  pitch: 21.838953
logoutlocation:
  world: LionHUB
  x: 92.9584357614451
  y: 46.0
  z: -64.31696047298928
  yaw: -0.81311035
  pitch: -9.687827
