timestamps:
  lastteleport: 1499688486671
  login: 1499688452681
  logout: 1499688485804
lastlocation:
  world: LionHUB
  x: 93.5001645366342
  y: 45.0
  z: -62.49950177753499
  yaw: -357.93384
  pitch: 44.467155
lastAccountName: KratosTha007
ipAddress: 196.206.123.151
socialspy: false
logoutlocation:
  world: LionHUB
  x: 93.5
  y: 45.0
  z: -62.5
  yaw: -359.88382
  pitch: -20.032845
