lastlocation:
  world: LionHUB
  x: 942.0
  y: 38.0
  z: -415.0
  yaw: 0.0
  pitch: 0.0
lastAccountName: LiteBans
timestamps:
  login: 1512257924351
  logout: 1512258097319
ipAddress: 98.113.15.223
logoutlocation:
  world: LionHUB
  x: 936.2891725403604
  y: 36.0
  z: -449.69999998807907
  yaw: 181.59166
  pitch: -13.728537
