lastlocation:
  world: HCF
  x: 2.4488777884043618
  y: 117.0
  z: 183.52199098304732
  yaw: -37.724968
  pitch: 21.877071
