lastlocation:
  world: FFA
  x: 26.69999998807907
  y: 29.0
  z: -700.3000000119209
  yaw: -9.752991
  pitch: 30.10025
lastAccountName: yayhazel
timestamps:
  login: 1517868786613
  lastteleport: 1517868808316
  logout: 1517868917799
ipAddress: 66.227.239.95
money: '500.0'
logoutlocation:
  world: LionHUB
  x: 790.4075422901535
  y: 52.0
  z: 3550.5274318457136
  yaw: -118.90561
  pitch: -3.509911
