lastAccountName: UKxFallz
timestamps:
  login: 1501178083506
  lastteleport: 1501178116176
  logout: 1501178128345
ipAddress: 82.38.149.45
socialspy: false
lastlocation:
  world: LionHUB
  x: 93.60501724013761
  y: 47.5
  z: -47.28096362114221
  yaw: 0.11043666
  pitch: -2.5685995
logoutlocation:
  world: MainLobby
  x: 24.88655184164608
  y: 58.0
  z: 2.001651864382013
  yaw: 69.7977
  pitch: -29.24941
