lastlocation:
  world: LionHUB
  x: 946.2334973203734
  y: 36.5
  z: -392.77986036520736
  yaw: 350.86307
  pitch: -9.248114
lastAccountName: TVD360
timestamps:
  login: 1510656850135
  lastteleport: 1510656959978
  logout: 1510656996539
ipAddress: 119.94.165.59
logoutlocation:
  world: SkyBlock
  x: -1.9499999880790724
  y: 65.875
  z: 5.672004519599157
  yaw: 110.949326
  pitch: 25.550905
