timestamps:
  lastteleport: 1499901647382
  login: 1499901640990
lastlocation:
  world: LionHUB
  x: 93.5
  y: 45.0
  z: -62.5
  yaw: -359.88382
  pitch: -20.032845
socialspy: false
lastAccountName: 9G2V6B9BS3Fi2v_y
ipAddress: 69.178.216.111
logoutlocation:
  world: LionHUB
  x: 93.5
  y: 45.0
  z: -62.5
  yaw: -359.88382
  pitch: -20.032845
