lastlocation:
  world: ASkyBlock
  x: 278.30000001192093
  y: 123.0
  z: 31.69999998807907
  yaw: -49.847393
  pitch: 31.691092
socialspy: false
lastAccountName: thepigyt
timestamps:
  login: 1507485578689
  lastteleport: 1507485695115
  logout: 1507485998595
ipAddress: 24.45.150.78
money: '2000450'
logoutlocation:
  world: ASkyBlock
  x: -197.92145226250273
  y: 120.0
  z: -2.188020208969215
  yaw: 173.95703
  pitch: 18.720009
