lastAccountName: Miki9000
timestamps:
  login: 1501631841653
  lastteleport: 1501631846805
  logout: 1501632276793
ipAddress: 70.178.56.138
socialspy: false
lastlocation:
  world: LionHUB
  x: 93.55561761722493
  y: 46.0
  z: -60.647671902241626
  yaw: -1.5214348
  pitch: 11.676091
logoutlocation:
  world: MainLobby
  x: 12.632732118327096
  y: 57.0
  z: 11.481127751976212
  yaw: 115.947845
  pitch: 26.338644
