lastAccountName: NinoNiikii
timestamps:
  login: 1501178284277
  lastteleport: 1501178293707
  logout: 1501179202907
ipAddress: 104.178.204.137
socialspy: false
lastlocation:
  world: LionHUB
  x: 93.51999108110613
  y: 45.0
  z: -62.30000001192093
  yaw: -6.4439263
  pitch: -18.851149
logoutlocation:
  world: MainLobby
  x: 16.891800127180694
  y: 57.0
  z: 0.3878840563017721
  yaw: -105.82682
  pitch: 7.1604424
