lastAccountName: Zanctarian
timestamps:
  login: 1506224979276
  logout: 1506225023179
ipAddress: 68.103.30.232
socialspy: false
logoutlocation:
  world: LionHUB
  x: 93.35626083613083
  y: 46.0
  z: -66.75676699083718
  yaw: 19.859735
  pitch: 23.594131
