lastlocation:
  world: FFAnormal
  x: 10.40495079743937
  y: 14.0
  z: 4.562505731343541
  yaw: 65.525696
  pitch: 5.6612716
lastAccountName: byTheddy
timestamps:
  login: 1518539190833
  logout: 1518539276788
ipAddress: 194.166.83.193
money: '500.0'
logoutlocation:
  world: LionHUB
  x: 746.0298385809133
  y: 10.0
  z: 3610.7490543079743
  yaw: -2.975451
  pitch: 11.977342
