lastlocation:
  world: Breeze
  x: -6.8240707525226805
  y: 67.0
  z: 26.096696121973352
  yaw: 265.54996
  pitch: 36.600002
lastAccountName: dreagonskayy
timestamps:
  login: 1507481816154
  lastteleport: 1507481852075
  logout: 1507481908330
ipAddress: 46.83.248.27
socialspy: false
logoutlocation:
  world: Sg
  x: -100.04420303091334
  y: 5.0
  z: 45.53951765380328
  yaw: -194.133
  pitch: 3.8157198
