lastlocation:
  world: LionHUB
  x: 942.0
  y: 38.0
  z: -415.0
  yaw: 0.0
  pitch: 0.0
lastAccountName: braadsu
timestamps:
  login: 1517166397592
  logout: 1517166437237
ipAddress: 191.5.64.18
logoutlocation:
  world: LionHUB
  x: 944.796592679546
  y: 37.5
  z: -405.3875488872184
  yaw: -68.72781
  pitch: 23.316322
