timestamps:
  lastteleport: 1499901669318
  login: 1499901642586
  logout: 1499901668815
lastlocation:
  world: LionHUB
  x: 93.5
  y: 45.0
  z: -62.5
  yaw: -359.88382
  pitch: -20.032845
lastAccountName: axKSD0VQFh5FsGnP
ipAddress: 183.239.240.138
socialspy: false
logoutlocation:
  world: LionHUB
  x: 93.5
  y: 45.0
  z: -62.5
  yaw: -359.88382
  pitch: -20.032845
