lastlocation:
  world: LionHUB
  x: 943.0329418056671
  y: 37.0
  z: -405.57897480716184
  yaw: 359.23093
  pitch: -3.3589253
lastAccountName: SH4RPO
timestamps:
  login: 1513218980746
  lastteleport: 1513219545262
  logout: 1513219981273
ipAddress: 23.248.139.109
money: '0.0'
logoutlocation:
  world: Factions
  x: 82.52769486002842
  y: 68.0
  z: -278.55239352102114
  yaw: 117.31142
  pitch: -6.289393
