lastlocation:
  world: LionHUB
  x: 942.9847941585354
  y: 38.0
  z: -414.80756805231493
  yaw: -359.53693
  pitch: 4.701889
lastAccountName: BackUpM10
timestamps:
  login: 1510489234134
  logout: 1510489275066
ipAddress: 104.249.225.0
logoutlocation:
  world: LionHUB
  x: 954.1266356643607
  y: 37.5
  z: -408.28087117197737
  yaw: -59.268524
  pitch: 23.521435
