lastlocation:
  world: LionHUB
  x: 746.4592455243042
  y: 10.0
  z: 3608.7898504515924
  yaw: -0.10546875
  pitch: -4.859901
lastAccountName: Shepp309
timestamps:
  login: 1518169578552
  logout: 1518169609920
ipAddress: 103.17.198.224
logoutlocation:
  world: LionHUB
  x: 783.4508107757578
  y: 5.5
  z: 3627.2955553810807
  yaw: 13.41306
  pitch: 17.88543
