lastAccountName: mattytwok
timestamps:
  login: 1503473447172
  lastteleport: 1503473408848
  logout: 1503473456274
ipAddress: 218.215.31.98
socialspy: false
lastlocation:
  world: LionHUB
  x: 93.59375
  y: 48.0
  z: -45.3125
  yaw: -1.2632126
  pitch: 11.762165
logoutlocation:
  world: LionHUB
  x: 93.51999108110613
  y: 45.0
  z: -62.30000001192093
  yaw: -1.6744572
  pitch: 18.444874
