lastlocation:
  world: MainLobby
  x: 38.5151192968018
  y: 59.0
  z: 2.3252022608073983
  yaw: -161.42612
  pitch: 25.845173
lastAccountName: edithgreco
timestamps:
  login: 1507419242652
  lastteleport: 1507419303394
  logout: 1507419325766
ipAddress: 5.103.170.53
socialspy: false
logoutlocation:
  world: LionHUB
  x: 943.5178970384393
  y: 37.0
  z: -410.10220618358096
  yaw: -1.3557466
  pitch: 15.584588
