lastlocation:
  world: LionHUB
  x: 1072.3549204255428
  y: 32.0
  z: 735.7669730507158
  yaw: -134.25589
  pitch: 0.0
