timestamps:
  lastteleport: 1499901653746
  login: 1499901644622
  logout: 1499901653494
lastlocation:
  world: LionHUB
  x: 93.5
  y: 45.0
  z: -62.5
  yaw: -359.88382
  pitch: -20.032845
lastAccountName: kYPKC5R2ZA_509Gh
ipAddress: 91.98.143.85
socialspy: false
logoutlocation:
  world: LionHUB
  x: 93.5
  y: 45.0
  z: -62.5
  yaw: -359.88382
  pitch: -20.032845
