lastlocation:
  world: LionHUB
  x: 943.0195191088159
  y: 38.0
  z: -414.25812266697704
  yaw: 3.5236259
  pitch: -0.6360911
lastAccountName: SniperKitty001
timestamps:
  login: 1512342510856
  logout: 1512342540644
ipAddress: 104.178.204.137
logoutlocation:
  world: LionHUB
  x: 943.0017788669338
  y: 38.0
  z: -414.18612939838226
  yaw: 11.066578
  pitch: 6.354936
