timestamps:
  lastteleport: 1499691489439
  login: 1499691480383
  logout: 1499691487335
lastlocation:
  world: LionHUB
  x: 93.5
  y: 45.0
  z: -62.5
  yaw: -289.83392
  pitch: 8.317159
socialspy: false
lastAccountName: PigToots
ipAddress: 36.74.246.41
logoutlocation:
  world: LionHUB
  x: 93.5
  y: 45.0
  z: -62.5
  yaw: -359.88382
  pitch: -20.032845
