lastAccountName: sennam2004
timestamps:
  login: 1505306873323
  logout: 1504969608134
  lastteleport: 1504969594406
ipAddress: 80.114.229.193
socialspy: false
logoutlocation:
  world: LionHUB
  x: 93.50848809898889
  y: 45.0
  z: -62.54658081977909
  yaw: 1.2886657
  pitch: -1.4110628
lastlocation:
  world: LionHUB
  x: 94.52794908990691
  y: 46.0
  z: -60.83903836357602
  yaw: 16.215977
  pitch: 11.407259
