lastlocation:
  world: skywars
  x: 102.5
  y: 149.0
  z: -129.5
  yaw: 99.89771
  pitch: -19.095976
lastAccountName: kauenques
timestamps:
  login: 1506814420904
  lastteleport: 1506814345791
  logout: 1506814552874
ipAddress: 177.72.132.2
socialspy: false
logoutlocation:
  world: LionHUB
  x: 94.07992289035394
  y: 46.0
  z: -61.01787415973472
  yaw: 154.43677
  pitch: 6.8121634
