lastAccountName: handyboy100
timestamps:
  login: 1514045147504
  logout: 1514045187142
  lastteleport: 1514044631769
  kits:
    starter: 1514044870327
ipAddress: 24.15.56.68
socialspy: false
lastlocation:
  world: LionHUB
  x: 942.0
  y: 38.0
  z: -415.0
  yaw: 0.0
  pitch: 0.0
logoutlocation:
  world: LionHUB
  x: 943.0195191088159
  y: 38.0
  z: -414.25812266697704
  yaw: -102.50635
  pitch: 24.292282
money: '0.00'
nickname: §fhandyboy100
