timestamps:
  lastteleport: 1499254785483
  login: 1499254511853
  logout: 1499254783226
lastlocation:
  world: MainLobby
  x: 6.351774880067544
  y: 59.0
  z: 2.6140687171671466
  yaw: -41.64978
  pitch: 16.949997
lastAccountName: Greek_gamer_7
socialspy: false
ipAddress: 80.107.125.55
logoutlocation:
  world: LionHUB
  x: 93.5
  y: 45.0
  z: -62.5
  yaw: -179.4159
  pitch: 90.0
