lastlocation:
  world: SkyBlock
  x: 0.5
  y: 65.0
  z: 0.5
  yaw: -0.20067084
  pitch: 31.10087
lastAccountName: KRoberts423
timestamps:
  login: 1518945135131
  lastteleport: 1518945147041
  logout: 1518945323045
ipAddress: 83.233.139.71
money: '500.0'
logoutlocation:
  world: LionHUB
  x: 751.7572187650318
  y: 9.0
  z: 3599.2265219896676
  yaw: -329.50516
  pitch: 38.550014
