lastAccountName: bagaskara184
timestamps:
  login: 1505674200220
  logout: 1505674251647
ipAddress: 71.140.149.104
socialspy: false
logoutlocation:
  world: LionHUB
  x: 94.90243777751871
  y: 47.0
  z: -50.26877877786859
  yaw: -175.83958
  pitch: 17.238825
