lastlocation:
  world: MainLobby
  x: -0.5335005639400162
  y: 60.0
  z: 0.46918172662426155
  yaw: -89.0
  pitch: 2.0
lastAccountName: miltoskiller
timestamps:
  login: 1517506607537
  lastteleport: 1517506635256
  logout: 1517507114236
ipAddress: 2.85.70.245
money: '0.0'
logoutlocation:
  world: MainLobby
  x: 4.320760088679615
  y: 62.656582481109616
  z: -8.78439146506819
  yaw: 195.67741
  pitch: 51.949024
