timestamps:
  lastteleport: 1499901640034
  login: 1499901636818
lastlocation:
  world: LionHUB
  x: 93.5
  y: 45.0
  z: -62.5
  yaw: -359.88382
  pitch: -20.032845
lastAccountName: BHLnSWwvPAktdlXd
socialspy: false
ipAddress: 50.30.249.87
logoutlocation:
  world: LionHUB
  x: 93.5
  y: 45.0
  z: -62.5
  yaw: -359.88382
  pitch: -20.032845
