lastAccountName: llLegolasll
timestamps:
  login: 1506120384834
  lastteleport: 1506120399715
  logout: 1506120993995
ipAddress: 23.125.18.150
socialspy: false
lastlocation:
  world: LionHUB
  x: 93.67579199800093
  y: 47.5
  z: -46.961900597335
  yaw: 2.9367874
  pitch: -23.937836
logoutlocation:
  world: MainLobby
  x: 29.05313770871978
  y: 57.5
  z: 32.30000001192093
  yaw: -278.0139
  pitch: 51.0
nickname: §dCustomPinkk
