lastlocation:
  world: MainLobby
  x: -0.5335005639400162
  y: 60.0
  z: 0.46918172662426155
  yaw: -89.0
  pitch: 2.0
lastAccountName: Louloudi
timestamps:
  login: 1511718152702
  lastteleport: 1511718211855
  logout: 1511718358811
ipAddress: 37.6.38.117
money: '0.0'
logoutlocation:
  world: MainLobby
  x: 3.1557080426831776
  y: 60.0
  z: 1.9630627536744718
  yaw: 124.45797
  pitch: -14.752349
