lastlocation:
  world: LionHUB
  x: 942.9713381007223
  y: 39.170787077218804
  z: -363.09260966075203
  yaw: 182.22217
  pitch: 86.316315
lastAccountName: iiwinulose
timestamps:
  login: 1514071434921
  lastteleport: 1514071454201
  logout: 1514071475147
ipAddress: 67.61.108.17
money: '0.0'
logoutlocation:
  world: MainLobby
  x: 5.98888956760429
  y: 59.5
  z: 0.8274391070681688
  yaw: -85.713524
  pitch: 4.476355
