lastlocation:
  world: MainLobby
  x: 7.362492117383384
  y: 59.0
  z: -0.19351933664147244
  yaw: 245.31168
  pitch: 35.809177
lastAccountName: Bennno_2
timestamps:
  login: 1518207676916
  lastteleport: 1518207692816
  logout: 1518207794605
ipAddress: 87.134.251.120
money: '0.0'
logoutlocation:
  world: MainLobby
  x: 7.362492117383384
  y: 59.0
  z: -0.19351933664147244
  yaw: 262.71344
  pitch: 13.766918
