lastAccountName: Amithril_Calico
timestamps:
  login: 1503472016312
  lastteleport: 1503472035031
  logout: 1503473298573
ipAddress: 124.187.64.58
socialspy: false
lastlocation:
  world: LionHUB
  x: 93.50848809898889
  y: 45.0
  z: -62.54658081977909
  yaw: -4.861334
  pitch: 0.38893327
logoutlocation:
  world: MainLobby
  x: -0.5335005639400162
  y: 60.0
  z: 0.4691817266242615
  yaw: -89.0
  pitch: 2.0
