lastlocation:
  world: LionHUB
  x: 943.0195191088159
  y: 38.0
  z: -414.25812266697704
  yaw: -0.47781372
  pitch: -3.5336792
lastAccountName: Emptys
timestamps:
  login: 1512491985859
  logout: 1512492355826
ipAddress: 70.124.126.50
logoutlocation:
  world: LionHUB
  x: 926.7982412555089
  y: 36.5
  z: -428.41650221736387
  yaw: 158.82147
  pitch: 23.299295
