timestamps:
  lastteleport: 1499901701620
  login: 1499901682299
  logout: 1499901698797
lastlocation:
  world: LionHUB
  x: 93.35
  y: 45.0
  z: -62.35
  yaw: -359.88382
  pitch: -20.032845
lastAccountName: qP4n7WFxtutLNF8q
socialspy: false
ipAddress: 180.183.209.72
logoutlocation:
  world: LionHUB
  x: 93.5
  y: 45.0
  z: -62.5
  yaw: -359.88382
  pitch: -20.032845
