lastlocation:
  world: LionHUB
  x: 942.0
  y: 38.0
  z: -415.0
  yaw: 0.068969645
  pitch: 0.20690893
lastAccountName: itserga
timestamps:
  login: 1514317285170
  logout: 1514317320434
ipAddress: 79.51.63.140
logoutlocation:
  world: LionHUB
  x: 942.2593333059074
  y: 37.5
  z: -421.9499753104828
  yaw: 334.64563
  pitch: -6.2924695
