lastAccountName: Xx_VPR_xX
timestamps:
  login: 1503398681033
  logout: 1503398906307
  lastteleport: 1503398836289
ipAddress: 156.205.43.216
socialspy: false
logoutlocation:
  world: MainLobby
  x: 3.515266784838074
  y: 58.0
  z: 22.604876558856795
  yaw: -270.21832
  pitch: 38.70003
lastlocation:
  world: LionHUB
  x: 93.55482674430365
  y: 47.0
  z: -47.36788644743612
  yaw: -359.6021
  pitch: -18.085012
