lastlocation:
  world: LionHUB
  x: 746.4965995044469
  y: 8.0
  z: 3669.9062829804993
  yaw: 2.6696553
  pitch: -0.47135374
lastAccountName: cool_redstoneYT
timestamps:
  login: 1518835116939
  lastteleport: 1518835171982
  logout: 1518835248325
ipAddress: 68.207.144.248
money: '0.0'
logoutlocation:
  world: MainLobby
  x: 1.6809243274016366
  y: 60.0
  z: 0.7479304625882347
  yaw: -232.73337
  pitch: 1.1938206
