lastlocation:
  world: LionHUB
  x: 943.8240865235265
  y: 38.0
  z: -466.9765156405449
  yaw: -175.80917
  pitch: 10.159279
lastAccountName: Change_your_look
timestamps:
  login: 1513801749716
  lastteleport: 1513801769592
  logout: 1513801795750
ipAddress: 173.238.51.228
money: '0.0'
logoutlocation:
  world: Factions
  x: 127.40312443957075
  y: 70.0625
  z: -315.79541606470406
  yaw: -319.48776
  pitch: 62.033943
