lastlocation:
  world: LionHUB
  x: 1378.1278227521846
  y: 38.0
  z: -403.7407390203668
  yaw: 0.49731445
  pitch: 3.6575637
lastAccountName: H3kuahi
timestamps:
  login: 1509106903449
ipAddress: 86.97.66.156
logoutlocation:
  world: LionHUB
  x: 942.9847941585354
  y: 38.0
  z: -414.80756805231493
  yaw: -359.53693
  pitch: 4.701889
