lastAccountName: TheCrazyAviator
timestamps:
  login: 1505166817792
  lastteleport: 1505167053731
  logout: 1505167576297
ipAddress: 97.80.224.58
socialspy: false
lastlocation:
  world: LionHUB
  x: 93.8926003143171
  y: 5.0
  z: -336.27764900396716
  yaw: 182.88454
  pitch: 7.842865
logoutlocation:
  world: MainLobby
  x: 19.007502535026067
  y: 57.0
  z: -11.869470620351542
  yaw: -83.72407
  pitch: 31.362043
