lastlocation:
  world: LionHUB
  x: 943.0195191088159
  y: 38.0
  z: -414.25812266697704
  yaw: -15.68337
  pitch: 10.531458
lastAccountName: Bmxomegamaster
timestamps:
  login: 1510448037920
  lastteleport: 1510443300647
  logout: 1510448038955
ipAddress: 98.155.176.233
logoutlocation:
  world: LionHUB
  x: 943.0195191088159
  y: 38.0
  z: -414.25812266697704
  yaw: -0.47781372
  pitch: -3.5336792
