timestamps:
  lastteleport: 1500175495288
  login: 1500175425534
  logout: 1500175494529
lastlocation:
  world: MainLobby
  x: 4.822691887668917
  y: 59.5
  z: 0.7366087957948684
  yaw: 90.76895
  pitch: 24.14999
lastAccountName: Bryan
ipAddress: 49.149.253.202
socialspy: false
logoutlocation:
  world: LionHUB
  x: 93.5
  y: 45.0
  z: -62.5
  yaw: -359.88382
  pitch: -20.032845
