lastlocation:
  world: LionHUB
  x: 936.6945477027966
  y: 37.0
  z: -407.79899114942083
  yaw: -172.95068
  pitch: 0.0
