lastAccountName: iGFX
timestamps:
  login: 1504059462741
  lastteleport: 1504059301057
  logout: 1504060129442
ipAddress: 174.30.147.35
socialspy: false
lastlocation:
  world: LionHUB
  x: 91.42861586472516
  y: 46.0
  z: -55.17293492447865
  yaw: 184.13678
  pitch: 9.512166
logoutlocation:
  world: FFA
  x: 13.0
  y: 11.0
  z: -149.0
  yaw: -136.44513
  pitch: 5.099972
