lastlocation:
  world: LionHUB
  x: 933.6669946240265
  y: 45.0
  z: -353.69570604537967
  yaw: 44.69988
  pitch: 32.850002
lastAccountName: MjenteqYT
timestamps:
  login: 1513442080313
  lastteleport: 1513442193643
  logout: 1513442502044
ipAddress: 5.172.235.203
money: '0.0'
logoutlocation:
  world: MainLobby
  x: 12.644880578073519
  y: 57.0
  z: 9.943666421617927
  yaw: 97.02782
  pitch: -4.3499985
