lastlocation:
  world: LionHUB
  x: 942.9847941585354
  y: 38.0
  z: -414.80756805231493
  yaw: -359.53693
  pitch: 4.701889
lastAccountName: Hacked_byTHECREW
timestamps:
  login: 1508691276463
  logout: 1508691284638
ipAddress: 84.85.255.121
logoutlocation:
  world: LionHUB
  x: 942.9795386397718
  y: 38.0
  z: -414.73352905259884
  yaw: 351.13623
  pitch: 5.4099464
