lastlocation:
  world: LionHUB
  x: 944.1226619415462
  y: 37.5
  z: -405.83361489838154
  yaw: -102.601
  pitch: 28.368685
lastAccountName: klekocisko
timestamps:
  login: 1517149585454
  lastteleport: 1517092511910
  logout: 1517149600553
ipAddress: 83.8.202.151
money: '500.0'
logoutlocation:
  world: LionHUB
  x: 943.0195191088159
  y: 38.0
  z: -414.25812266697704
  yaw: 55.663208
  pitch: -10.840922
