timestamps:
  lastteleport: 1499027650849
  login: 1499027625949
  logout: 1499027648840
lastlocation:
  world: LionHUB
  x: 34.82356887990517
  y: 67.0
  z: 15.348595671041055
  yaw: 292.1288
  pitch: 33.20772
socialspy: false
lastAccountName: Fampat
ipAddress: 47.145.209.17
logoutlocation:
  world: LionHUB
  x: 30.5
  y: 67.0
  z: 15.5
  yaw: 90.11987
  pitch: -0.34908158
