timestamps:
  lastteleport: 1499901642842
  login: 1499901641161
lastlocation:
  world: LionHUB
  x: 93.5
  y: 45.0
  z: -62.5
  yaw: -359.88382
  pitch: -20.032845
lastAccountName: UxyLN_ooVTlmv43i
socialspy: false
ipAddress: 190.73.149.45
logoutlocation:
  world: LionHUB
  x: 93.5
  y: 45.0
  z: -62.5
  yaw: -359.88382
  pitch: -20.032845
