timestamps:
  lastteleport: 1498477298024
  login: 1498477286620
  logout: 1498477297221
lastlocation:
  world: LionHUB
  x: 30.5
  y: 67.0
  z: 15.5
  yaw: 90.11987
  pitch: -0.34908158
lastAccountName: MkDon
ipAddress: 90.205.61.75
socialspy: false
logoutlocation:
  world: LionHUB
  x: 30.5
  y: 67.0
  z: 15.5
  yaw: 90.11987
  pitch: -0.34908158
