lastlocation:
  world: LionHUB
  x: 943.0653668397508
  y: 38.0
  z: -466.83323807151845
  yaw: 185.97346
  pitch: 1.0009332
lastAccountName: vunel
timestamps:
  login: 1516150743360
  lastteleport: 1516150771738
  kits:
    starter: 1516150788023
  logout: 1516150875247
ipAddress: 66.176.118.126
money: '0.0'
logoutlocation:
  world: Factions
  x: 113.71664861116258
  y: 68.0
  z: -283.5759564681556
  yaw: 100.467545
  pitch: 21.386509
