timestamps:
  lastteleport: 1499901645550
  login: 1499901642581
lastlocation:
  world: LionHUB
  x: 93.5
  y: 45.0
  z: -62.5
  yaw: -359.88382
  pitch: -20.032845
lastAccountName: LeUM4oYFlqCsZ1r6
ipAddress: 120.27.6.230
socialspy: false
logoutlocation:
  world: LionHUB
  x: 93.5
  y: 45.0
  z: -62.5
  yaw: -359.88382
  pitch: -20.032845
