lastlocation:
  world: LionHUB
  x: 942.0
  y: 38.0
  z: -415.0
  yaw: 0.0
  pitch: 0.0
lastAccountName: PiratesHCF
timestamps:
  login: 1512309933456
  logout: 1512310010087
ipAddress: 69.174.173.89
logoutlocation:
  world: LionHUB
  x: 954.0661602665475
  y: 37.0
  z: -402.2204840245224
  yaw: 12.000009
  pitch: 11.250002
