lastAccountName: Cr0w14
timestamps:
  login: 1503203378799
  lastteleport: 1503203566696
  logout: 1503203692891
socialspy: false
ipAddress: 63.245.58.30
lastlocation:
  world: LionHUB
  x: 94.2292519786123
  y: 5.0625
  z: -272.7510004387681
  yaw: -0.36010742
  pitch: 5.3388987
logoutlocation:
  world: MainLobby
  x: 27.159529429671796
  y: 57.0
  z: 20.636055625326343
  yaw: -328.56354
  pitch: 7.626327
