lastlocation:
  world: LionHUB
  x: 943.0644037800563
  y: 38.0
  z: -414.69615849648756
  yaw: -1.7533569
  pitch: 1.7075297
lastAccountName: XxSpazSoftballxX
timestamps:
  login: 1507607665957
  logout: 1507607691762
ipAddress: 108.251.68.9
socialspy: false
logoutlocation:
  world: LionHUB
  x: 938.4034116599443
  y: 37.0
  z: -409.78403538332174
  yaw: 65.21114
  pitch: 7.425108
