socialspy: false
lastAccountName: TrialPack
timestamps:
  login: 1504006818639
  logout: 1504006840521
ipAddress: 125.161.149.252
logoutlocation:
  world: LionHUB
  x: 93.52646188520885
  y: 45.0
  z: -62.17276446521282
  yaw: 357.09183
  pitch: 7.0328646
