timestamps:
  lastteleport: 1499901678987
  login: 1499901675943
  logout: 1499901678498
lastlocation:
  world: LionHUB
  x: 49.23790120048649
  y: 4.0
  z: -91.5082848756997
  yaw: 92.28638
  pitch: 74.49833
lastAccountName: HBAo6uervarb8Zlv
ipAddress: 67.205.191.44
socialspy: false
logoutlocation:
  world: LionHUB
  x: 49.23790120048649
  y: 4.0
  z: -91.5082848756997
  yaw: 92.28638
  pitch: 74.49833
