lastlocation:
  world: LionHUB
  x: 746.4592455243042
  y: 10.0
  z: 3608.7898504515924
  yaw: -0.10546875
  pitch: -4.859901
lastAccountName: TheMagicGinge
timestamps:
  login: 1521195451299
  logout: 1521195455455
ipAddress: 103.17.198.222
logoutlocation:
  world: LionHUB
  x: 746.4592455243042
  y: 10.0
  z: 3608.7898504515924
  yaw: 0.9674238
  pitch: -6.7911086
