lastlocation:
  world: LionHUB
  x: 942.0
  y: 38.0
  z: -415.0
  yaw: 0.0
  pitch: 0.0
lastAccountName: AltPressed
timestamps:
  login: 1517147495974
  logout: 1517147513732
ipAddress: 105.227.98.68
logoutlocation:
  world: LionHUB
  x: 943.0169334602423
  y: 38.0
  z: -414.97069269572376
  yaw: -150.91013
  pitch: -21.440802
