lastlocation:
  world: LionHUB
  x: 942.9395244330399
  y: 38.0
  z: -414.9798036988763
  yaw: -4.153345
  pitch: 2.907533
lastAccountName: ImVeryLonely
timestamps:
  login: 1507829260248
  lastteleport: 1506565136065
  logout: 1507829531948
ipAddress: 174.16.85.58
socialspy: false
logoutlocation:
  world: LionHUB
  x: 962.2856043970603
  y: 9.0
  z: -381.8678239765104
  yaw: 45.491364
  pitch: -30.00003
