lastlocation:
  world: lobby_practice
  x: 46.54811269434701
  y: 79.0
  z: -2048.632627309316
  yaw: 332.7339
  pitch: 14.863851
