socialspy: false
lastAccountName: FrenchCats
timestamps:
  login: 1501199179999
  logout: 1501199222473
ipAddress: 75.143.142.94
logoutlocation:
  world: LionHUB
  x: 70.37322355494717
  y: 4.0
  z: -76.95730195161602
  yaw: 315.63654
  pitch: -19.701643
