lastlocation:
  world: LionHUB
  x: 942.0
  y: 38.0
  z: -415.0
  yaw: 0.0
  pitch: 0.0
lastAccountName: ima_hacker
timestamps:
  login: 1515277016391
  logout: 1515277069224
ipAddress: 173.187.159.41
logoutlocation:
  world: LionHUB
  x: 942.3827465138098
  y: 37.0
  z: -408.20802000907645
  yaw: 138.7222
  pitch: 6.9663215
