lastAccountName: xXHicksNiceXx
timestamps:
  login: 1503058385569
  lastteleport: 1503057196506
  logout: 1503058394823
  mute: 0
ipAddress: 84.156.163.99
socialspy: false
lastlocation:
  world: LionHUB
  x: 98.20169946407154
  y: 46.5
  z: -62.483468183960085
  yaw: -190.87746
  pitch: 21.880169
afk: false
logoutlocation:
  world: LionHUB
  x: 93.58538276499878
  y: 45.0
  z: -62.03108561421444
  yaw: -13.67068
  pitch: 12.959378
nickname: §4§lStaffHicks
muted: false
