lastAccountName: kindlenhanc
timestamps:
  login: 1504950709160
  lastteleport: 1504950785067
  logout: 1504950818521
ipAddress: 123.21.17.2
socialspy: false
lastlocation:
  world: LionHUB
  x: 93.07597611745742
  y: 47.0
  z: -49.32940244038662
  yaw: 10.053369
  pitch: 15.412678
logoutlocation:
  world: SkyBlock
  x: -41.34458985323223
  y: 70.94238707569292
  z: -0.1405650993148651
  yaw: 101.16609
  pitch: 12.961807
