lastlocation:
  world: LionHUB
  x: 943.0195191088159
  y: 38.0
  z: -414.25812266697704
  yaw: -0.47781372
  pitch: -3.5336792
lastAccountName: AmerecianCheese
timestamps:
  login: 1512364408154
  logout: 1512364416963
ipAddress: 173.180.78.4
logoutlocation:
  world: LionHUB
  x: 949.2549733741548
  y: 37.0
  z: -412.698313068445
  yaw: 358.20346
  pitch: -3.9104586
