lastlocation:
  world: LionHUB
  x: 943.0195191088159
  y: 38.0
  z: -414.25812266697704
  yaw: -0.47781372
  pitch: -3.5336792
lastAccountName: Texan_Away
timestamps:
  login: 1512346683625
  logout: 1512346690418
ipAddress: 76.210.189.121
logoutlocation:
  world: LionHUB
  x: 942.0040408443892
  y: 38.0
  z: -414.0635812536872
  yaw: -1.0281091
  pitch: -4.6264906
