lastlocation:
  world: LionHUB
  x: 723.0563769102077
  y: 5.5
  z: 3630.7392239048604
  yaw: 189.54909
  pitch: 0.48248458
lastAccountName: WerewolfA6
timestamps:
  login: 1519487464288
  logout: 1519487471888
ipAddress: 73.107.179.106
logoutlocation:
  world: LionHUB
  x: 746.4592455243042
  y: 10.0
  z: 3608.7898504515924
  yaw: -2.1556346
  pitch: -7.39246
