lastAccountName: MrDavid_CZ
timestamps:
  login: 1511277534745
  lastteleport: 1504103506839
  logout: 1511277551609
ipAddress: 213.235.68.217
socialspy: false
lastlocation:
  world: LionHUB
  x: 942.9847941585354
  y: 38.0
  z: -414.80756805231493
  yaw: -18.43692
  pitch: 16.701889
logoutlocation:
  world: LionHUB
  x: 938.3806470994862
  y: 37.0
  z: -374.3935283380113
  yaw: -161.83694
  pitch: 8.601885
