timestamps:
  lastteleport: 1499901714382
  login: 1499901683413
  logout: 1499901714128
lastlocation:
  world: LionHUB
  x: 93.35
  y: 45.0
  z: -62.35
  yaw: -359.88382
  pitch: -20.032845
lastAccountName: qGrH0bki1GX_0844
ipAddress: 31.208.178.115
socialspy: false
logoutlocation:
  world: LionHUB
  x: 93.5
  y: 45.0
  z: -62.5
  yaw: -359.88382
  pitch: -20.032845
