timestamps:
  lastteleport: 1499901721361
  login: 1499901702085
  logout: 1499901719195
lastlocation:
  world: LionHUB
  x: 93.35
  y: 45.0
  z: -62.35
  yaw: -359.88382
  pitch: -20.032845
socialspy: false
lastAccountName: mkjVf2tGSwVROB3k
ipAddress: 188.120.244.147
logoutlocation:
  world: LionHUB
  x: 93.5
  y: 45.0
  z: -62.5
  yaw: -359.88382
  pitch: -20.032845
