timestamps:
  lastteleport: 1499901693792
  login: 1499901688273
  logout: 1499901693587
lastlocation:
  world: LionHUB
  x: 93.5
  y: 45.0
  z: -62.5
  yaw: -359.88382
  pitch: -20.032845
socialspy: false
lastAccountName: TfbPu29KZJGyH3do
ipAddress: 46.35.82.69
logoutlocation:
  world: LionHUB
  x: 93.5
  y: 45.0
  z: -62.5
  yaw: -359.88382
  pitch: -20.032845
