lastlocation:
  world: LionHUB
  x: 943.6881640382577
  y: 38.0
  z: -466.9995453358708
  yaw: 186.72218
  pitch: 1.4163193
lastAccountName: hungvnRoblo
timestamps:
  login: 1515247899990
  lastteleport: 1515247964176
  logout: 1515247968955
ipAddress: 115.73.239.91
money: '0.0'
logoutlocation:
  world: Factions
  x: 122.53918948544437
  y: 70.0
  z: -316.29956040950646
  yaw: -173.7267
  pitch: 18.400537
