lastlocation:
  world: LionHUB
  x: 942.9395244330399
  y: 38.0
  z: -414.9798036988763
  yaw: -4.153345
  pitch: 2.907533
lastAccountName: coolvincent2005
timestamps:
  login: 1507825561371
  logout: 1507825615099
ipAddress: 67.11.232.163
logoutlocation:
  world: LionHUB
  x: 942.9248214351161
  y: 38.0
  z: -414.16877126647705
  yaw: 4.66307
  pitch: 12.801891
