lastlocation:
  world: LionHUB
  x: 746.4592455243042
  y: 10.0
  z: 3608.7898504515924
  yaw: -0.10546875
  pitch: -4.859901
lastAccountName: XddioX789
timestamps:
  login: 1518539026305
  logout: 1518539104136
ipAddress: 83.218.201.200
logoutlocation:
  world: LionHUB
  x: 721.481908648725
  y: 5.5
  z: 3645.5286667410332
  yaw: 87.13039
  pitch: 10.327249
