lastAccountName: SandyCheek
timestamps:
  login: 1505945859438
  lastteleport: 1505945884554
  logout: 1505946129419
ipAddress: 74.192.81.216
socialspy: false
lastlocation:
  world: LionHUB
  x: 94.40314548957296
  y: 46.0
  z: -66.10537339813149
  yaw: -18.76593
  pitch: 7.9779506
logoutlocation:
  world: lobby_practice
  x: 24.720406256679475
  y: 79.0
  z: -2079.901185714192
  yaw: 346.4674
  pitch: 1.104151
