lastlocation:
  world: skywars
  x: 101.80612672064116
  y: 150.0
  z: -133.63575780927295
  yaw: -77.40219
  pitch: -5.745986
lastAccountName: iiRhearoo50
timestamps:
  login: 1513985816975
  logout: 1513986408601
ipAddress: 67.61.108.17
money: '500.0'
logoutlocation:
  world: LionHUB
  x: 905.64626034172
  y: 39.34118707671813
  z: -452.9464332043049
  yaw: 141.14978
  pitch: 10.199996
