timestamps:
  lastteleport: 1499541709316
  login: 1499541689526
  logout: 1499541707958
lastlocation:
  world: LionHUB
  x: 93.69999998807907
  y: 44.0
  z: -62.30000001192093
  yaw: -112.47649
  pitch: 22.088512
lastAccountName: TXCplayz
ipAddress: 83.172.77.77
socialspy: false
logoutlocation:
  world: LionHUB
  x: 93.5
  y: 44.0
  z: -62.5
  yaw: -179.4159
  pitch: 90.0
