lastAccountName: Das_Bohrmaschine
timestamps:
  login: 1502899639922
  lastteleport: 1502899654635
  logout: 1502899990030
ipAddress: 79.248.1.204
socialspy: false
lastlocation:
  world: LionHUB
  x: 93.40237547965832
  y: 47.5
  z: -46.87797474022136
  yaw: -3.7680173
  pitch: -15.4411955
logoutlocation:
  world: MainLobby
  x: -111.88910135626793
  y: 6.0
  z: 8.840087621410383
  yaw: -130.5261
  pitch: 24.834473
