lastlocation:
  world: LionHUB
  x: 942.9847941585354
  y: 38.0
  z: -414.80756805231493
  yaw: 0.46307373
  pitch: 4.701889
lastAccountName: Robogaimingbg
timestamps:
  login: 1511353400232
  logout: 1511353426578
ipAddress: 79.100.64.8
logoutlocation:
  world: LionHUB
  x: 940.2308506733624
  y: 36.5
  z: -382.1533990688865
  yaw: -154.0778
  pitch: 22.885527
