lastAccountName: theDiamondpac
timestamps:
  login: 1503064726845
  logout: 1503064734096
ipAddress: 27.75.232.91
socialspy: false
logoutlocation:
  world: LionHUB
  x: 93.52481048858317
  y: 45.0
  z: -62.05056456324445
  yaw: -0.6632127
  pitch: 2.1621654
