timestamps:
  lastteleport: 1499901647553
  login: 1499901640992
lastlocation:
  world: LionHUB
  x: 93.5
  y: 45.0
  z: -62.5
  yaw: -359.88382
  pitch: -20.032845
socialspy: false
lastAccountName: aJ6JjBTrGvDPoGIc
ipAddress: 190.141.197.218
logoutlocation:
  world: LionHUB
  x: 93.5
  y: 45.0
  z: -62.5
  yaw: -359.88382
  pitch: -20.032845
