lastlocation:
  world: LionHUB
  x: 746.4592455243042
  y: 10.0
  z: 3608.7898504515924
  yaw: -0.10546875
  pitch: -4.859901
lastAccountName: JavaSyntaxError
timestamps:
  login: 1518882814594
  logout: 1518882833911
ipAddress: 80.143.171.98
logoutlocation:
  world: LionHUB
  x: 746.2478024651552
  y: 10.0
  z: 3612.3069798860156
  yaw: -2.8052979
  pitch: 10.890118
