timestamps:
  lastteleport: 1499901637705
  login: 1499901636812
lastlocation:
  world: LionHUB
  x: 49.23790120048649
  y: 4.0
  z: -91.5082848756997
  yaw: 92.28638
  pitch: 74.49833
lastAccountName: n3g6_lbAaXt4J8FR
socialspy: false
ipAddress: 77.105.196.132
logoutlocation:
  world: LionHUB
  x: 93.5
  y: 45.0
  z: -62.5
  yaw: -359.88382
  pitch: -20.032845
