lastlocation:
  world: LionHUB
  x: 943.5304614869824
  y: 38.0
  z: -363.0118504628318
  yaw: 2.9636059
  pitch: 14.732317
lastAccountName: miltakos
timestamps:
  login: 1514719119829
  lastteleport: 1514719141884
  logout: 1514719158642
ipAddress: 79.167.40.203
money: '0.0'
logoutlocation:
  world: MainLobby
  x: 6.149315043077822
  y: 60.0
  z: -3.0874362748399813
  yaw: -103.66012
  pitch: 27.167181
