lastlocation:
  world: LionHUB
  x: 746.2288244749149
  y: 9.015555072702202
  z: 3669.8665743802676
  yaw: -1.6599202
  pitch: 13.33539
lastAccountName: BallisticMudkip
timestamps:
  login: 1518302846136
  lastteleport: 1518302888654
  logout: 1518302990764
ipAddress: 24.117.0.205
money: '0.0'
logoutlocation:
  world: MainLobby
  x: 31.102481441416643
  y: 57.0
  z: 6.644874506597973
  yaw: -175.49521
  pitch: 17.952969
