lastlocation:
  world: LionHUB
  x: 942.9395244330399
  y: 38.0
  z: -414.9798036988763
  yaw: -4.153345
  pitch: 2.907533
lastAccountName: juhacker
timestamps:
  login: 1508234664051
  logout: 1508234745486
ipAddress: 111.125.108.63
logoutlocation:
  world: LionHUB
  x: 911.6574228454
  y: 36.0
  z: -415.0027828908692
  yaw: 87.94666
  pitch: 9.657533
