lastAccountName: Adam_Syafi
timestamps:
  login: 1511095194225
  lastteleport: 1504966873248
  logout: 1511095241842
ipAddress: 175.142.160.244
socialspy: false
lastlocation:
  world: LionHUB
  x: 942.9847941585354
  y: 38.0
  z: -414.80756805231493
  yaw: -359.53693
  pitch: 4.701889
logoutlocation:
  world: LionHUB
  x: 942.9847941585354
  y: 38.0
  z: -414.80756805231493
  yaw: -359.53693
  pitch: 4.701889
