lastlocation:
  world: LionHUB
  x: 942.0
  y: 38.0
  z: -415.0
  yaw: 0.0
  pitch: 0.0
lastAccountName: IAmARealPerson
timestamps:
  login: 1515879271273
  logout: 1515879276685
ipAddress: 99.226.222.111
logoutlocation:
  world: LionHUB
  x: 943.0195191088159
  y: 38.0
  z: -414.25812266697704
  yaw: 17.37218
  pitch: 12.066314
