lastlocation:
  world: LionHUB
  x: 943.0644037800563
  y: 38.0
  z: -414.69615849648756
  yaw: -1.7533569
  pitch: 1.7075297
lastAccountName: DIGOOZ
timestamps:
  login: 1507344633790
  logout: 1507344674409
ipAddress: 76.6.74.223
socialspy: false
logoutlocation:
  world: LionHUB
  x: 942.981471900293
  y: 38.0
  z: -414.1270813774338
  yaw: 0.46307373
  pitch: 4.701889
