timestamps:
  lastteleport: 1499901652217
  login: 1499901649207
  logout: 1499901650935
lastlocation:
  world: LionHUB
  x: 93.5
  y: 45.0
  z: -62.5
  yaw: -359.88382
  pitch: -20.032845
lastAccountName: iENZuxI_1_ed5WsP
ipAddress: 203.190.14.30
socialspy: false
logoutlocation:
  world: LionHUB
  x: 93.5
  y: 45.0
  z: -62.5
  yaw: -359.88382
  pitch: -20.032845
