lastlocation:
  world: LionHUB
  x: 942.0715722740811
  y: 38.0
  z: -414.3214881919415
  yaw: 48.313137
  pitch: 44.001892
lastAccountName: Maechunbu
timestamps:
  login: 1507570153018
  logout: 1507440288896
ipAddress: 73.211.167.21
socialspy: false
logoutlocation:
  world: LionHUB
  x: 943.0027454144249
  y: 38.0
  z: -414.687751502584
  yaw: 331.39658
  pitch: 79.707504
