lastlocation:
  world: LionHUB
  x: 942.0
  y: 38.0
  z: -415.0
  yaw: 0.0
  pitch: 0.0
lastAccountName: AliyanRG
timestamps:
  login: 1515416547028
  logout: 1515416589326
ipAddress: 111.88.35.188
logoutlocation:
  world: LionHUB
  x: 974.5288091541444
  y: 36.5
  z: -417.19336662596476
  yaw: -88.52765
  pitch: 21.966331
