lastlocation:
  world: LionHUB
  x: 942.0
  y: 38.0
  z: -415.0
  yaw: 0.0
  pitch: 0.0
lastAccountName: Reverse_Axe
timestamps:
  login: 1516427032404
  logout: 1516427057527
ipAddress: 76.234.235.18
logoutlocation:
  world: LionHUB
  x: 943.0528667871355
  y: 37.0
  z: -404.06643136670607
  yaw: -130.50002
  pitch: 5.850002
