lastlocation:
  world: LionHUB
  x: 943.0108967027653
  y: 38.0
  z: -414.00885623977774
  yaw: -10.227782
  pitch: 21.516323
lastAccountName: sebasebastijan
timestamps:
  login: 1514617159397
  logout: 1514617167244
ipAddress: 93.143.160.74
logoutlocation:
  world: LionHUB
  x: 943.0195191088159
  y: 38.0
  z: -414.25812266697704
  yaw: 359.5222
  pitch: -3.5336792
