lastlocation:
  world: skywars
  x: 100.53656163234143
  y: 152.0
  z: -133.23662863795488
  yaw: 165.29771
  pitch: 44.50401
lastAccountName: SkyBest23
timestamps:
  login: 1516239597985
  logout: 1516239935180
ipAddress: 174.72.216.132
logoutlocation:
  world: LionHUB
  x: 905.3000000119209
  y: 39.206109260044144
  z: -452.93342442613664
  yaw: 169.47217
  pitch: 25.41633
money: '500.0'
