lastlocation:
  world: lobby_practice
  x: -65.64549355800196
  y: 57.0
  z: -5153.56804806699
  yaw: -165.28246
  pitch: 8.121823
lastAccountName: TheCatBeliever
timestamps:
  login: 1518480228468
  lastteleport: 1518480234694
  logout: 1518481075173
ipAddress: 108.206.162.230
money: '0.0'
logoutlocation:
  world: MainLobby
  x: -0.5335005639400162
  y: 60.0
  z: 0.4691817266242615
  yaw: -90.19457
  pitch: 11.664688
