lastlocation:
  world: LionHUB
  x: 746.4592455243042
  y: 10.0
  z: 3608.7898504515924
  yaw: -0.10546875
  pitch: -4.859901
money: '0.0'
lastAccountName: AnakinFettYT
timestamps:
  login: 1517658660278
  logout: 1517659398879
ipAddress: 58.170.130.57
logoutlocation:
  world: LionHUB
  x: 745.5355044970117
  y: 5.0
  z: 3581.0333197594236
  yaw: -196.30548
  pitch: 17.7901
