timestamps:
  lastteleport: 1499901683512
  login: 1499901681786
  logout: 1499901682902
lastlocation:
  world: LionHUB
  x: 93.5
  y: 45.0
  z: -62.5
  yaw: -359.88382
  pitch: -20.032845
socialspy: false
lastAccountName: 1asFo6NwAzySa1jr
ipAddress: 61.7.228.51
logoutlocation:
  world: LionHUB
  x: 93.5
  y: 45.0
  z: -62.5
  yaw: -359.88382
  pitch: -20.032845
