lastlocation:
  world: LionHUB
  x: 746.4592455243042
  y: 10.0
  z: 3608.7898504515924
  yaw: 94.21005
  pitch: 2.069406
lastAccountName: Toshy92
timestamps:
  login: 1518730349652
  lastteleport: 1518730457529
  logout: 1518730459161
ipAddress: 24.132.73.91
money: '0.0'
logoutlocation:
  world: Sg
  x: -99.5
  y: 5.0
  z: 51.5
  yaw: -176.3968
  pitch: 5.819057
