lastAccountName: OverlordGaruna
timestamps:
  login: 1504612211167
  logout: 1504612246190
ipAddress: 180.191.109.137
socialspy: false
logoutlocation:
  world: LionHUB
  x: 93.65573877600114
  y: 45.0
  z: -63.26914527155044
  yaw: 177.89612
  pitch: 29.40349
