lastlocation:
  world: ASkyBlock
  x: 188.6941535604334
  y: 114.0
  z: -9.30861108736057
  yaw: -82.97822
  pitch: 58.30752
lastAccountName: KARUS_KNACK
timestamps:
  login: 1514552787744
  logout: 1514553903834
ipAddress: 113.252.148.98
money: '0.0'
logoutlocation:
  world: ASkyBlock
  x: 219.7996912832903
  y: 120.0
  z: -34.27684501378124
  yaw: -189.445
  pitch: 50.69994
