lastAccountName: DarkPrince_3
timestamps:
  login: 1502204889537
  logout: 1502205082518
  lastteleport: 1502204816135
ipAddress: 5.37.175.11
socialspy: false
logoutlocation:
  world: LionHUB
  x: 92.75262437613195
  y: 47.0
  z: -47.30000001192093
  yaw: 3.2015934
  pitch: 22.315342
lastlocation:
  world: LionHUB
  x: 93.74762645415186
  y: 47.7531999805212
  z: -48.43183023698197
  yaw: -353.30627
  pitch: -2.579304
