lastlocation:
  world: LionHUB
  x: 746.4592455243042
  y: 10.0
  z: 3608.7898504515924
  yaw: -0.10546875
  pitch: -4.859901
lastAccountName: DuckMaster2000
timestamps:
  login: 1520122054982
  logout: 1520122070366
ipAddress: 66.90.146.121
logoutlocation:
  world: LionHUB
  x: 746.6048641277687
  y: 10.0
  z: 3611.1486490452558
  yaw: -153.25545
  pitch: 15.240107
