lastlocation:
  world: MainLobby
  x: -119.7486005309081
  y: 228.06863616068168
  z: -27.22507641257574
  yaw: 339.40036
  pitch: 31.649979
lastAccountName: thekillmon01
timestamps:
  login: 1515977607605
  lastteleport: 1515977663057
  logout: 1515978158290
ipAddress: 73.158.179.64
money: '0.0'
logoutlocation:
  world: MainLobby
  x: -119.83967238991022
  y: 228.06863616068168
  z: -27.26637912707259
  yaw: 339.40036
  pitch: 31.649979
