lastAccountName: chanhuanjian
timestamps:
  login: 1507339034600
  lastteleport: 1506835750632
  logout: 1507339631025
ipAddress: 42.60.157.121
socialspy: false
lastlocation:
  world: uhc1
  x: -10.699999988079071
  y: 14.0
  z: 120.46084792357267
  yaw: 222.27284
  pitch: -18.544107
logoutlocation:
  world: uhc1
  x: 398.04179464579926
  y: 56.0
  z: -371.4871518315267
  yaw: 248.52306
  pitch: 9.206049
nickname: handsome
