lastlocation:
  world: LionHUB
  x: 1378.1278227521846
  y: 38.0
  z: -403.7407390203668
  yaw: 0.49731445
  pitch: 3.6575637
lastAccountName: xDepressed
timestamps:
  login: 1509138443012
  logout: 1509138433210
ipAddress: 107.92.122.216
logoutlocation:
  world: LionHUB
  x: 942.0
  y: 38.0
  z: -415.0
  yaw: 248.14745
  pitch: 14.248161
