lastlocation:
  world: LionHUB
  x: 943.0195191088159
  y: 38.0
  z: -414.25812266697704
  yaw: -0.47781372
  pitch: -3.5336792
lastAccountName: Wolfx21
timestamps:
  login: 1510863295577
  logout: 1510863330808
ipAddress: 207.32.54.158
logoutlocation:
  world: LionHUB
  x: 942.9847941585354
  y: 38.0
  z: -414.80756805231493
  yaw: 1.6100281
  pitch: 25.117682
