lastlocation:
  world: LionHUB
  x: 942.9847941585354
  y: 38.0
  z: -414.80756805231493
  yaw: -359.53693
  pitch: 4.701889
lastAccountName: MEKKI4farouk
timestamps:
  login: 1510858487425
  logout: 1510858609346
ipAddress: 105.105.108.198
logoutlocation:
  world: LionHUB
  x: 905.4624732618244
  y: 37.5
  z: -439.92548227148063
  yaw: 177.72186
  pitch: 18.66631
