lastAccountName: The_Cryx
timestamps:
  login: 1504853502999
  lastteleport: 1504853520551
  logout: 1504853603080
ipAddress: 36.83.56.146
socialspy: false
lastlocation:
  world: LionHUB
  x: 95.59476688470674
  y: 46.5
  z: -60.43656406153433
  yaw: 8.638641
  pitch: -24.061062
logoutlocation:
  world: MainLobby
  x: 7.3746398297409606
  y: 58.5
  z: -3.711833433025554
  yaw: 3.8498576
  pitch: 16.35
