lastlocation:
  world: skywars
  x: 102.5
  y: 150.0
  z: -129.5
  yaw: -2.2522888
  pitch: -12.645975
lastAccountName: __StrafeY__
timestamps:
  login: 1512684599964
  lastteleport: 1512684635994
  logout: 1512685128650
ipAddress: 146.198.87.218
logoutlocation:
  world: LionHUB
  x: 905.4096267900093
  y: 38.0
  z: -452.98337179746727
  yaw: 121.20338
  pitch: 30.775787
money: '0.0'
