lastlocation:
  world: LionHUB
  x: 943.0195191088159
  y: 38.0
  z: -414.25812266697704
  yaw: -0.47781372
  pitch: -3.5336792
lastAccountName: guspot7
timestamps:
  login: 1516086997152
  lastteleport: 1513920438866
  logout: 1516087019845
ipAddress: 59.101.24.211
money: '500.0'
logoutlocation:
  world: LionHUB
  x: 953.4136303948195
  y: 40.5
  z: -404.78342827005474
  yaw: 92.97222
  pitch: 7.8663054
