lastlocation:
  world: LionHUB
  x: 942.9847941585354
  y: 38.0
  z: -414.80756805231493
  yaw: 358.06308
  pitch: 9.801888
lastAccountName: Gaymer04
timestamps:
  login: 1510481646145
  logout: 1510481718926
ipAddress: 202.166.71.48
logoutlocation:
  world: LionHUB
  x: 953.7219103788065
  y: 53.0
  z: -432.1313233629102
  yaw: 216.9126
  pitch: 10.350017
