lastAccountName: Auxz
timestamps:
  login: 1504411867502
  lastteleport: 1504412542417
  logout: 1504412923503
ipAddress: 69.146.176.120
socialspy: false
lastlocation:
  world: LionHUB
  x: 92.9939425494875
  y: 47.0
  z: -48.34238180717625
  yaw: 28.099535
  pitch: -4.7754726
money: '400'
logoutlocation:
  world: LionHUB
  x: 93.67616118787863
  y: 47.0
  z: -49.77161718916738
  yaw: 282.4611
  pitch: 41.79991
