lastAccountName: ConiCal7w7
timestamps:
  login: 1506066007960
  logout: 1506066094210
ipAddress: 180.242.221.151
socialspy: false
logoutlocation:
  world: LionHUB
  x: 93.45792504948622
  y: 46.0
  z: -58.0703687468136
  yaw: 1.2886657
  pitch: -1.4110628
