lastAccountName: LightLemons
timestamps:
  login: 1503976622794
  logout: 1503976630834
ipAddress: 162.156.183.196
socialspy: false
logoutlocation:
  world: LionHUB
  x: 93.50848809898889
  y: 45.0
  z: -62.54658081977909
  yaw: -10.261333
  pitch: 1.588937
