lastlocation:
  world: LionHUB
  x: 942.9533920740246
  y: 37.0
  z: -405.8319560606418
  yaw: 15.877454
  pitch: 6.436841
lastAccountName: BillDragos
timestamps:
  login: 1507995252278
  lastteleport: 1507995292487
  logout: 1507995316849
ipAddress: 79.103.14.182
logoutlocation:
  world: MainLobby
  x: 25.644922482315017
  y: 58.0
  z: 0.5228125361973253
  yaw: -89.04601
  pitch: 12.102232
