socialspy: false
lastAccountName: Raffy_
timestamps:
  login: 1505736772338
  logout: 1505736368779
ipAddress: 46.177.138.3
logoutlocation:
  world: LionHUB
  x: 93.51999108110613
  y: 45.0
  z: -62.30000001192093
  yaw: -1.2632126
  pitch: 11.762165
