lastAccountName: BestCF
timestamps:
  login: 1503929504134
  logout: 1501641332044
  lastteleport: 1501641294061
ipAddress: 115.76.127.109
socialspy: false
lastlocation:
  world: LionHUB
  x: 93.53267960190715
  y: 46.0
  z: -55.88687112405741
  yaw: -3.4652672
  pitch: -3.3185709
logoutlocation:
  world: LionHUB
  x: 93.51999108110613
  y: 45.0
  z: -62.30000001192093
  yaw: -1.2632126
  pitch: 11.762165
