lastlocation:
  world: LionHUB
  x: 942.0
  y: 38.0
  z: -415.0
  yaw: 0.0
  pitch: 0.0
lastAccountName: CuzImRusherYT
timestamps:
  login: 1515893872180
  logout: 1515893916754
ipAddress: 93.211.171.147
logoutlocation:
  world: LionHUB
  x: 938.4602737096629
  y: 36.0
  z: -391.07802749676017
  yaw: -134.75656
  pitch: -2.8470244
