lastAccountName: Kamil_Crazon_HD
timestamps:
  login: 1503666082857
  lastteleport: 1503666100515
  logout: 1503666462081
ipAddress: 202.62.16.219
socialspy: false
lastlocation:
  world: LionHUB
  x: 93.47563786584648
  y: 48.24918707874468
  z: -47.888607164883865
  yaw: 2.5701914
  pitch: 15.656565
logoutlocation:
  world: MainLobby
  x: -0.5335005639400162
  y: 60.0
  z: 0.4691817266242615
  yaw: -89.0
  pitch: 1.9417487
