lastlocation:
  world: LionHUB
  x: 746.4592455243042
  y: 10.0
  z: 3608.7898504515924
  yaw: 40.018528
  pitch: 1.2194923
lastAccountName: vanadd100
timestamps:
  login: 1518482241219
  lastteleport: 1518482345045
  kits:
    starter: 1518482350113
  logout: 1518482371185
ipAddress: 82.45.26.160
money: '0.0'
logoutlocation:
  world: HCF
  x: -17.99901010755201
  y: 69.0
  z: -9.16406055220127
  yaw: -271.70816
  pitch: 6.6021132
