lastlocation:
  world: LionHUB
  x: 943.0195191088159
  y: 38.0
  z: -414.25812266697704
  yaw: -0.47781372
  pitch: -3.5336792
lastAccountName: eizujeil
timestamps:
  login: 1512249267355
  lastteleport: 1512247931841
  logout: 1512249742573
  kits:
    starter: 1512248015028
ipAddress: 71.201.225.213
money: '500.0'
logoutlocation:
  world: LionHUB
  x: 937.6296991597021
  y: 8.0
  z: -383.26522355975476
  yaw: 159.33122
  pitch: 16.604921
