lastlocation:
  world: FFA
  x: 30.217839498522125
  y: 23.0
  z: -296.0021135841072
  yaw: 288.1273
  pitch: 8.878812
lastAccountName: H4rbiGamer
timestamps:
  login: 1506786145998
  logout: 1506786321653
ipAddress: 86.99.75.19
socialspy: false
logoutlocation:
  world: FFA
  x: 13.0
  y: 11.0
  z: -149.0
  yaw: 288.1273
  pitch: 8.878812
