socialspy: false
lastAccountName: ObamaRapesKidz
timestamps:
  login: 1503544458849
  logout: 1503545680616
ipAddress: 206.83.30.104
logoutlocation:
  world: FFA
  x: 1.0
  y: 13.0
  z: 0.0
  yaw: 137.45367
  pitch: 0.14335966
