timestamps:
  lastteleport: 1499901648912
  login: 1499901642581
  logout: 1499901648803
lastlocation:
  world: LionHUB
  x: 93.5
  y: 45.0
  z: -62.5
  yaw: -359.88382
  pitch: -20.032845
lastAccountName: pTXK3YBmGXFGaXyt
ipAddress: 61.187.123.141
socialspy: false
logoutlocation:
  world: LionHUB
  x: 93.5
  y: 45.0
  z: -62.5
  yaw: -359.88382
  pitch: -20.032845
