timestamps:
  lastteleport: 1498798930895
  login: 1498798740391
  logout: 1498798929493
lastlocation:
  world: LionHUB
  x: 48.98714486282127
  y: 65.0
  z: 13.769818961837817
  yaw: 263.21985
  pitch: 40.900917
socialspy: false
lastAccountName: silafatun
ipAddress: 36.84.91.108
logoutlocation:
  world: LionHUB
  x: 30.5
  y: 67.0
  z: 15.5
  yaw: 90.11987
  pitch: -0.34908158
