lastlocation:
  world: FFA
  x: 31.137457219980384
  y: 28.0
  z: -707.0070328973512
  yaw: 162.19986
  pitch: 27.635635
lastAccountName: CauseImMexican
timestamps:
  login: 1511043884574
  logout: 1511043930729
ipAddress: 174.200.6.12
logoutlocation:
  world: FFA
  x: 1.0
  y: 13.0
  z: 0.0
  yaw: 162.19986
  pitch: 27.635635
