lastAccountName: ItzMugetsu
timestamps:
  login: 1501175618251
  lastteleport: 1501175633221
  logout: 1501175724083
ipAddress: 86.16.136.71
socialspy: false
lastlocation:
  world: LionHUB
  x: 48.26836447984712
  y: 4.0
  z: -91.48585009724394
  yaw: -91.35792
  pitch: 18.987658
logoutlocation:
  world: LionHUB
  x: 98.48892933693591
  y: 46.0
  z: -58.64616064190264
  yaw: 30.373669
  pitch: 12.346494
