lastAccountName: killbuckle
timestamps:
  login: 1503701141735
  lastteleport: 1503701157286
  logout: 1503701341636
ipAddress: 23.125.18.150
socialspy: false
lastlocation:
  world: LionHUB
  x: 93.53997255817077
  y: 46.0
  z: -58.89196790488227
  yaw: -89.45498
  pitch: -4.3312225
logoutlocation:
  world: MainLobby
  x: 32.53395807170096
  y: 57.0
  z: 1.6821563357493146
  yaw: -236.26355
  pitch: 15.089287
