lastAccountName: itzPVPamin__
timestamps:
  login: 1502286739950
  logout: 1502286762014
ipAddress: 37.239.152.117
socialspy: false
logoutlocation:
  world: LionHUB
  x: 93.91276556969231
  y: 47.0
  z: -49.17140442067025
  yaw: -1.2632126
  pitch: 11.762165
