lastlocation:
  world: LionHUB
  x: 92.77044693112839
  y: 46.0
  z: -55.462329530582025
  yaw: 180.0887
  pitch: 8.938946
lastAccountName: VikTheSmasher
timestamps:
  login: 1506625924937
  lastteleport: 1506625953563
  logout: 1506626052774
ipAddress: 77.85.215.45
socialspy: false
logoutlocation:
  world: Sg
  x: -104.31512907555691
  y: 5.0
  z: 46.27689908102051
  yaw: -317.1806
  pitch: 25.46072
