lastAccountName: AllTimeMaegan
timestamps:
  login: 1502101969983
  lastteleport: 1502102143422
  logout: 1502102293991
ipAddress: 112.205.1.217
socialspy: false
lastlocation:
  world: LionHUB
  x: 93.74323042653255
  y: 47.0
  z: -47.89189752458675
  yaw: 6.8365173
  pitch: -17.637838
logoutlocation:
  world: MainLobby
  x: -0.5335005639400162
  y: 60.0
  z: 0.46918172662426155
  yaw: -89.0
  pitch: 2.0
