timestamps:
  lastteleport: 1499901707983
  login: 1499901668093
  logout: 1499901706560
lastlocation:
  world: LionHUB
  x: 93.35
  y: 45.0
  z: -62.35
  yaw: -359.88382
  pitch: -20.032845
socialspy: false
lastAccountName: dgrJv8cAA9bSixJ7
ipAddress: 62.75.202.165
logoutlocation:
  world: LionHUB
  x: 93.5
  y: 45.0
  z: -62.5
  yaw: -359.88382
  pitch: -20.032845
