lastlocation:
  world: LionHUB
  x: 942.0
  y: 38.0
  z: -415.0
  yaw: 0.0
  pitch: 0.0
lastAccountName: DugNotCat
timestamps:
  login: 1515082801010
  logout: 1515083145906
ipAddress: 176.223.170.43
logoutlocation:
  world: LionHUB
  x: 960.0655999754873
  y: 33.0
  z: -434.8345631780583
  yaw: 346.969
  pitch: 24.216475
