lastAccountName: Supreme_Riku
timestamps:
  login: 1504070248769
  logout: 1504070295800
ipAddress: 24.185.100.68
socialspy: false
logoutlocation:
  world: FFA
  x: 13.0
  y: 11.0
  z: -149.0
  yaw: 131.01996
  pitch: 22.784424
