lastlocation:
  world: LionHUB
  x: 746.4592455243042
  y: 10.0
  z: 3608.7898504515924
  yaw: -71.999954
  pitch: 10.629041
lastAccountName: XXHey_AlexaXX
timestamps:
  login: 1520205397806
  logout: 1520205418862
ipAddress: 73.26.235.2
logoutlocation:
  world: LionHUB
  x: 733.119917070817
  y: 5.0
  z: 3591.5015766054885
  yaw: -320.59766
  pitch: 27.344204
