lastlocation:
  world: LionHUB
  x: 93.42626800115977
  y: 47.5
  z: -47.299870692614945
  yaw: 1.2886657
  pitch: -1.4110628
lastAccountName: Tobays21
timestamps:
  login: 1506556767972
  lastteleport: 1506556788905
  logout: 1506556826920
ipAddress: 173.238.237.8
socialspy: false
logoutlocation:
  world: Sg
  x: -100.40020363423338
  y: 5.0
  z: 57.21866412764067
  yaw: 2.3668416
  pitch: 7.565719
