lastlocation:
  world: LionHUB
  x: 746.9100933750505
  y: 8.480710876331694
  z: 3547.0876714693295
  yaw: -183.73756
  pitch: 9.9007225
money: '500.0'
lastAccountName: PyroGuy15
timestamps:
  login: 1517772018409
  lastteleport: 1517772068644
  logout: 1517772112456
ipAddress: 213.127.83.35
logoutlocation:
  world: Factions
  x: 122.14203725347895
  y: 70.0625
  z: -311.0459621362771
  yaw: -152.45415
  pitch: 5.26148
