lastlocation:
  world: LionHUB
  x: 943.0195191088159
  y: 38.0
  z: -414.25812266697704
  yaw: -0.47781372
  pitch: -3.5336792
lastAccountName: Wqifu
timestamps:
  login: 1514227003350
  logout: 1514227051619
  lastteleport: 1514145823593
ipAddress: 24.87.81.139
socialspy: false
logoutlocation:
  world: LionHUB
  x: 842.4268585220407
  y: 4.0
  z: -486.4064428371052
  yaw: -323.7279
  pitch: -23.850021
money: '500.0'
