lastlocation:
  world: Factions
  x: 85.72270151293311
  y: 68.0
  z: -285.6206050745784
  yaw: 80.37326
  pitch: 18.55053
lastAccountName: businka
timestamps:
  login: 1517676816630
  lastteleport: 1517672994933
  logout: 1517677242563
  kits:
    starter: 1517598420677
ipAddress: 86.10.86.127
money: '500.0'
logoutlocation:
  world: LionHUB
  x: 679.3000000119209
  y: 50.0
  z: 3533.300000011921
  yaw: 143.23131
  pitch: 7.649982
