lastlocation:
  world: LionHUB
  x: 715.4927687932699
  y: 5.0
  z: 3633.727451091616
  yaw: 54.419308
  pitch: -4.031524
money: '0.0'
lastAccountName: BeablyBoyGaming
timestamps:
  login: 1517666276245
  lastteleport: 1517666302237
  kits:
    starter: 1517664816855
  logout: 1517666477428
ipAddress: 90.219.204.65
logoutlocation:
  world: LionHUB
  x: 744.2578067082102
  y: 2.0
  z: 3921.773027967074
  yaw: 307.91095
  pitch: 36.015995
