timestamps:
  lastteleport: 1499901712931
  login: 1499901684472
  logout: 1499901711629
lastlocation:
  world: LionHUB
  x: 93.5
  y: 45.0
  z: -62.5
  yaw: -359.88382
  pitch: -20.032845
lastAccountName: 6q9Cnojw0RVvDPPh
ipAddress: 94.177.216.47
socialspy: false
logoutlocation:
  world: LionHUB
  x: 93.5
  y: 45.0
  z: -62.5
  yaw: -359.88382
  pitch: -20.032845
