timestamps:
  lastteleport: 1501680122246
  login: 1501680097675
  logout: 1501680341995
lastlocation:
  world: LionHUB
  x: 96.92766443609585
  y: 47.0
  z: -60.992959002455855
  yaw: -275.6867
  pitch: 52.03683
socialspy: false
lastAccountName: Themis
ipAddress: 62.12.87.97
logoutlocation:
  world: MainLobby
  x: 17.85913687494753
  y: 57.0
  z: 11.133633575177624
  yaw: -17.974243
  pitch: 54.850094
