timestamps:
  lastteleport: 1499901670069
  login: 1499901668554
  logout: 1499901668815
lastlocation:
  world: LionHUB
  x: 93.35
  y: 45.0
  z: -62.35
  yaw: -359.88382
  pitch: -20.032845
socialspy: false
lastAccountName: bH65hgrxFFFhyFmP
ipAddress: 183.89.148.200
logoutlocation:
  world: LionHUB
  x: 93.5
  y: 45.0
  z: -62.5
  yaw: -359.88382
  pitch: -20.032845
