lastlocation:
  world: LionHUB
  x: 942.0
  y: 38.0
  z: -415.0
  yaw: 0.0
  pitch: 0.0
lastAccountName: xXTobbysinXx
timestamps:
  login: 1516163920049
  logout: 1516163976911
ipAddress: 61.93.23.19
logoutlocation:
  world: LionHUB
  x: 944.9617605340146
  y: 86.0
  z: -393.58581735830535
  yaw: 351.7047
  pitch: 35.601635
