timestamps:
  lastteleport: 1499901679144
  login: 1499901678026
  logout: 1499901678498
lastlocation:
  world: LionHUB
  x: 93.5
  y: 45.0
  z: -62.5
  yaw: -359.88382
  pitch: -20.032845
lastAccountName: 8SCtdwnQLCsjqj0Z
ipAddress: 69.178.225.196
socialspy: false
logoutlocation:
  world: LionHUB
  x: 93.5
  y: 45.0
  z: -62.5
  yaw: -359.88382
  pitch: -20.032845
