timestamps:
  lastteleport: 1499901723688
  login: 1499901703146
  logout: 1499901721847
lastlocation:
  world: LionHUB
  x: 93.5
  y: 45.0
  z: -62.5
  yaw: -359.88382
  pitch: -20.032845
lastAccountName: njZTcXU3M56mlO4Q
ipAddress: 121.10.141.149
socialspy: false
logoutlocation:
  world: LionHUB
  x: 93.5
  y: 45.0
  z: -62.5
  yaw: -359.88382
  pitch: -20.032845
