timestamps:
  lastteleport: 1498247216541
  login: 1503922231765
  logout: 1503922247596
lastlocation:
  world: LionHUB
  x: 30.5
  y: 67.0
  z: 15.5
  yaw: 90.11987
  pitch: -0.34908158
socialspy: false
lastAccountName: ClickinqRanger
ipAddress: 81.165.184.36
logoutlocation:
  world: LionHUB
  x: 93.53513111655909
  y: 46.0
  z: -53.30000001192093
  yaw: 16.98935
  pitch: 11.579639
