lastAccountName: GIOgame99
timestamps:
  login: 1506116268909
  lastteleport: 1506116298061
  logout: 1506116345416
ipAddress: 93.44.196.211
socialspy: false
lastlocation:
  world: LionHUB
  x: 95.48351346768919
  y: 47.0
  z: -64.72996104053438
  yaw: 276.36353
  pitch: 2.3749077
logoutlocation:
  world: Sg
  x: -98.64788744205127
  y: 5.0
  z: 45.64168409688071
  yaw: 286.3216
  pitch: 28.575987
