socialspy: false
lastAccountName: WDion12
timestamps:
  login: 1504065576604
  logout: 1504065591271
ipAddress: 198.255.200.156
logoutlocation:
  world: LionHUB
  x: 94.40427008714326
  y: 46.0
  z: -64.00227476941305
  yaw: 207.38863
  pitch: 0.23893704
