lastAccountName: SirGetha
socialspy: false
timestamps:
  login: 1506072043593
  lastteleport: 1506072059896
  logout: 1506076495993
ipAddress: 82.132.121.2
lastlocation:
  world: LionHUB
  x: 92.30000001192093
  y: 47.0
  z: -47.80559399157072
  yaw: 27.896397
  pitch: -12.569147
logoutlocation:
  world: FFA
  x: 13.0
  y: 11.0
  z: -149.0
  yaw: 17.96936
  pitch: 4.629106
