timestamps:
  lastteleport: 1499783441453
  login: 1499783404584
  logout: 1499783439400
lastlocation:
  world: LionHUB
  x: 93.11796405810531
  y: 46.0
  z: -59.819254108585454
  yaw: -37.683685
  pitch: 27.817146
socialspy: false
lastAccountName: kareemkhalil
ipAddress: 149.200.201.119
logoutlocation:
  world: LionHUB
  x: 93.5
  y: 45.0
  z: -62.5
  yaw: -359.88382
  pitch: -20.032845
