lastlocation:
  world: map
  x: -990.4882723395303
  y: 13.0
  z: 281.36166602394746
  yaw: -179.63489
  pitch: 19.827082
