lastlocation:
  world: LionHUB
  x: 943.3216728277692
  y: 37.0
  z: -406.59358096080666
  yaw: 100.17222
  pitch: -3.233674
lastAccountName: mehsengames
timestamps:
  login: 1516117815460
  lastteleport: 1516117896781
  logout: 1516117911140
ipAddress: 129.208.81.146
money: '0.0'
logoutlocation:
  world: MainLobby
  x: -0.7927115787207004
  y: 60.0
  z: 2.756476606046154
  yaw: -124.86353
  pitch: -17.873644
