timestamps:
  lastteleport: 1499627021879
  login: 1499626863744
  logout: 1499627020726
lastlocation:
  world: LionHUB
  x: 39.16806666737643
  y: 6.0
  z: -138.4247165490671
  yaw: 18.60805
  pitch: 51.497234
lastAccountName: SuPeR_gAmEr_PvP
ipAddress: 213.66.183.161
socialspy: false
logoutlocation:
  world: LionHUB
  x: 93.5
  y: 3.0
  z: -62.5
  yaw: -179.4159
  pitch: 90.0
