lastlocation:
  world: FFA
  x: 25.453618075966865
  y: 28.0
  z: -704.8314538509505
  yaw: 4.7969546
  pitch: 3.2502847
lastAccountName: StrideyMC
timestamps:
  login: 1507148082980
  logout: 1507148181666
ipAddress: 82.43.125.32
socialspy: false
logoutlocation:
  world: FFA
  x: 1.0
  y: 13.0
  z: 0.0
  yaw: 4.7969546
  pitch: 3.2502847
