lastlocation:
  world: Sg
  x: -102.70538344840892
  y: 5.0
  z: 50.87228585002311
  yaw: -82.92969
  pitch: 7.026278
lastAccountName: KFC_LOVER02
timestamps:
  login: 1521364987389
  logout: 1521367934495
  lastteleport: 1521365925020
ipAddress: 98.165.112.199
money: '500.0'
logoutlocation:
  world: LionHUB
  x: 710.8501193138108
  y: 54.338757772806645
  z: 3611.042630102084
  yaw: -342.20038
  pitch: -4.335939
