lastlocation:
  world: LionHUB
  x: 947.6038905168721
  y: 37.0
  z: -401.61454794583557
  yaw: -7.0005207
  pitch: 11.243067
lastAccountName: AgentDrache007
timestamps:
  login: 1513344935976
  logout: 1513345120215
  lastteleport: 1513344997246
ipAddress: 93.232.236.1
logoutlocation:
  world: MainLobby
  x: 16.13754640536949
  y: 57.0
  z: -2.501179679028244
  yaw: -69.37877
  pitch: 15.07042
money: '0.0'
