lastlocation:
  world: LionHUB
  x: 750.6999999880791
  y: 11.0
  z: 3615.699999988079
  yaw: 54.04454
  pitch: 4.2900887
lastAccountName: TheKingOfBlaze
timestamps:
  login: 1520549072353
  lastteleport: 1520549140316
  logout: 1520549143185
ipAddress: 179.32.242.167
money: '0.0'
logoutlocation:
  world: Sg
  x: -99.49014772998586
  y: 5.0
  z: 46.651210255567044
  yaw: -213.78323
  pitch: 5.315717
