lastlocation:
  world: MainLobby
  x: -0.5335005639400162
  y: 60.0
  z: 0.46918172662426155
  yaw: -89.0
  pitch: 2.0
lastAccountName: 1Antim8
timestamps:
  login: 1515000745768
  lastteleport: 1515000751125
  logout: 1515001777187
ipAddress: 80.139.82.148
money: '0.0'
logoutlocation:
  world: MainLobby
  x: 2.5973712353948546
  y: 60.0
  z: 0.005421341347783881
  yaw: -94.70551
  pitch: 10.338825
