lastAccountName: Gebile
timestamps:
  login: 1503250727827
  logout: 1503250761176
ipAddress: 189.12.235.126
socialspy: false
logoutlocation:
  world: LionHUB
  x: 93.50848809898889
  y: 45.0
  z: -62.54658081977909
  yaw: 1.2886657
  pitch: -1.4110628
