lastAccountName: Melee_Fox
timestamps:
  login: 1504944119642
  logout: 1504944127737
ipAddress: 180.191.113.122
socialspy: false
logoutlocation:
  world: LionHUB
  x: 94.0893118019892
  y: 45.5
  z: -61.6305567756847
  yaw: 7.443756
  pitch: 11.109139
