lastAccountName: Johnbond222
timestamps:
  login: 1506117341316
  lastteleport: 1506117670179
  logout: 1506117685670
ipAddress: 81.41.153.124
socialspy: false
lastlocation:
  world: LionHUB
  x: 95.63364821649594
  y: 47.0
  z: -59.21524626430873
  yaw: -120.96154
  pitch: 9.238954
logoutlocation:
  world: Sg
  x: -106.11594161855888
  y: 5.0
  z: 56.69999998807907
  yaw: -48.93335
  pitch: 2.765705
