lastlocation:
  world: LionHUB
  x: 942.9847941585354
  y: 38.0
  z: -414.80756805231493
  yaw: -359.53693
  pitch: 4.701889
lastAccountName: Kvex
timestamps:
  login: 1510441146951
  logout: 1510441183207
ipAddress: 107.198.77.93
logoutlocation:
  world: LionHUB
  x: 941.1597639386242
  y: 37.5
  z: -399.62110616412457
  yaw: 177.91289
  pitch: 2.45189
