lastlocation:
  world: LionHUB
  x: 994.7027466237901
  y: 38.41999998688698
  z: -415.655778296967
  yaw: 31.0
  pitch: -64.0
lastAccountName: AlexXFE123
timestamps:
  login: 1514475715294
  lastteleport: 1514475747079
  logout: 1514475799356
ipAddress: 31.5.215.128
money: '0.0'
logoutlocation:
  world: Sg
  x: -99.44425381399924
  y: 5.0
  z: 45.68426491780108
  yaw: 28.0
  pitch: 9.0
