timestamps:
  lastteleport: 1499775784212
  login: 1499775753899
  logout: 1499775783810
lastlocation:
  world: LionHUB
  x: 93.49980700333295
  y: 45.0
  z: -62.49889163422631
  yaw: -304.58774
  pitch: 7.0007577
lastAccountName: fenmf
ipAddress: 37.77.55.207
socialspy: false
logoutlocation:
  world: LionHUB
  x: 93.5
  y: 45.0
  z: -62.5
  yaw: -359.88382
  pitch: -20.032845
