lastlocation:
  world: skywars
  x: 102.08106093796437
  y: 150.0
  z: -128.720920421481
  yaw: 5.129253
  pitch: 1.8095448
lastAccountName: IcyCoke
timestamps:
  login: 1513736239101
  logout: 1513736896097
ipAddress: 73.21.31.164
money: '500.0'
logoutlocation:
  world: LionHUB
  x: 904.8610633060213
  y: 38.0
  z: -451.97204626594106
  yaw: -201.45459
  pitch: 18.146294
