lastlocation:
  world: FFA
  x: 25.44118668798886
  y: 28.0
  z: -707.5482109973177
  yaw: -181.0887
  pitch: -1.3985072
lastAccountName: kakkie_04
timestamps:
  login: 1508170304171
  lastteleport: 1508094564427
  logout: 1508170343733
ipAddress: 77.165.25.251
logoutlocation:
  world: FFA
  x: 1.0
  y: 13.0
  z: 0.0
  yaw: -181.0887
  pitch: -1.3985072
