timestamps:
  lastteleport: 1499901681193
  login: 1499901680837
lastlocation:
  world: LionHUB
  x: 93.5
  y: 45.0
  z: -62.5
  yaw: -359.88382
  pitch: -20.032845
socialspy: false
lastAccountName: V6OHrZ9ShHgqLJZB
ipAddress: 201.242.56.91
logoutlocation:
  world: LionHUB
  x: 93.5
  y: 45.0
  z: -62.5
  yaw: -359.88382
  pitch: -20.032845
