lastlocation:
  world: LionHUB
  x: 933.3598231505213
  y: 37.0
  z: -415.1727401188421
  yaw: 35.51787
  pitch: 13.860197
lastAccountName: Dvhgaming
timestamps:
  login: 1513409055415
  lastteleport: 1513409089820
  logout: 1513409118311
ipAddress: 42.112.92.153
money: '0.0'
logoutlocation:
  world: MainLobby
  x: 8.32885072756238
  y: 59.0
  z: -0.5066836377870937
  yaw: -96.557045
  pitch: -3.6118681
