lastlocation:
  world: skywars
  x: 102.5
  y: 149.0
  z: -129.5
  yaw: -2.2522888
  pitch: -12.645975
lastAccountName: sithlord754
timestamps:
  login: 1514940902202
  lastteleport: 1514940643911
  logout: 1514942040676
ipAddress: 107.130.20.46
nickname: poopboi69
money: '500.0'
logoutlocation:
  world: LionHUB
  x: 905.0503649551925
  y: 38.0
  z: -452.69999998807907
  yaw: 1.0222553
  pitch: 19.049992
