lastlocation:
  world: lobby_practice
  x: 5.952230697949142
  y: 79.13963453200465
  z: -2055.6074738052976
  yaw: -45.947056
  pitch: 29.060339
lastAccountName: StootS_DaPVPnoob
timestamps:
  login: 1510665877448
  logout: 1510666455444
  lastteleport: 1510666237599
ipAddress: 212.237.120.46
logoutlocation:
  world: MainLobby
  x: 10.52595274782042
  y: 60.0
  z: 0.5661199958953111
  yaw: -87.92176
  pitch: 1.6653711
