lastlocation:
  world: LionHUB
  x: 943.0195191088159
  y: 38.0
  z: -414.25812266697704
  yaw: -0.47781372
  pitch: -3.5336792
lastAccountName: tortopgamer
timestamps:
  login: 1514572594746
  lastteleport: 1514483238357
  logout: 1514572636370
ipAddress: 91.140.90.121
money: '500.0'
logoutlocation:
  world: LionHUB
  x: 980.9612922438536
  y: 54.39626366641644
  z: -457.63203745437505
  yaw: -133.55534
  pitch: 12.037416
