lastlocation:
  world: MainLobby
  x: -0.5335005639400162
  y: 60.0
  z: 0.46918172662426155
  yaw: -89.0
  pitch: 2.0
lastAccountName: xXDesireSparkXx
timestamps:
  login: 1517509255204
  lastteleport: 1517508942440
  logout: 1517509631691
ipAddress: 24.150.104.48
money: '0.0'
logoutlocation:
  world: MainLobby
  x: 19.450035544368937
  y: 58.0
  z: -0.7547900986713718
  yaw: -102.98756
  pitch: 5.509954
