lastAccountName: SpitzkopfMarvin
timestamps:
  login: 1503339236985
  logout: 1503339263783
ipAddress: 37.24.150.12
socialspy: false
logoutlocation:
  world: LionHUB
  x: 90.81103267018443
  y: 47.0
  z: -64.48790271608021
  yaw: -45.4473
  pitch: 45.987606
