timestamps:
  lastteleport: 1499901632453
  login: 1499901629592
  logout: 1499901630608
lastlocation:
  world: LionHUB
  x: 93.5
  y: 45.0
  z: -62.5
  yaw: -359.88382
  pitch: -20.032845
socialspy: false
lastAccountName: hYdQHmwzPf03X74j
ipAddress: 94.177.216.66
logoutlocation:
  world: LionHUB
  x: 93.5
  y: 45.0
  z: -62.5
  yaw: -359.88382
  pitch: -20.032845
