timestamps:
  lastteleport: 1499901732123
  login: 1499901722085
  logout: 1499901731921
lastlocation:
  world: LionHUB
  x: 93.5
  y: 45.0
  z: -62.5
  yaw: -359.88382
  pitch: -20.032845
lastAccountName: 3Taaone3gagtaboo
ipAddress: 186.128.150.99
socialspy: false
logoutlocation:
  world: LionHUB
  x: 93.5
  y: 45.0
  z: -62.5
  yaw: -359.88382
  pitch: -20.032845
