lastlocation:
  world: LionHUB
  x: 942.9847941585354
  y: 38.0
  z: -414.80756805231493
  yaw: -359.53693
  pitch: 4.701889
lastAccountName: Apfelteig
timestamps:
  login: 1511379051346
  logout: 1511379213800
ipAddress: 95.90.221.39
logoutlocation:
  world: LionHUB
  x: 943.5338848404605
  y: 37.0
  z: -404.6221835745321
  yaw: 0.46307373
  pitch: 4.701889
