lastlocation:
  world: LionHUB
  x: 746.4592455243042
  y: 10.0
  z: 3608.7898504515924
  yaw: -0.10546875
  pitch: -4.859901
lastAccountName: swegv2
timestamps:
  login: 1518814741103
  logout: 1518814755466
ipAddress: 107.216.196.99
logoutlocation:
  world: LionHUB
  x: 746.4592455243042
  y: 10.0
  z: 3608.7898504515924
  yaw: 35.4671
  pitch: 45.311836
