lastlocation:
  world: LionHUB
  x: 942.0
  y: 38.0
  z: -415.0
  yaw: 0.0
  pitch: 0.0
lastAccountName: xLegqcy
timestamps:
  login: 1513736681188
  logout: 1513737074036
ipAddress: 76.126.23.246
logoutlocation:
  world: LionHUB
  x: 970.7314784756484
  y: 89.0
  z: -397.53786326747843
  yaw: 146.48915
  pitch: 53.750397
