timestamps:
  lastteleport: 1500125161144
  login: 1500124947878
  logout: 1500125160742
lastlocation:
  world: MainLobby
  x: 9.872086319039528
  y: 58.0
  z: -2.292836563650213
  yaw: 63.350117
  pitch: 7.3499775
lastAccountName: THExdGamer132
ipAddress: 5.107.217.144
socialspy: false
logoutlocation:
  world: LionHUB
  x: 93.5
  y: 45.0
  z: -62.5
  yaw: -359.88382
  pitch: -20.032845
