timestamps:
  lastteleport: 1498640296076
  login: 1501141266701
  logout: 1501141272001
lastlocation:
  world: LionHUB
  x: 30.5
  y: 67.0
  z: 15.5
  yaw: 90.11987
  pitch: -0.34908158
lastAccountName: TheLazyChicken
ipAddress: 93.142.26.74
socialspy: false
logoutlocation:
  world: LionHUB
  x: 93.91070531759327
  y: 45.5
  z: -62.009285776923896
  yaw: -7.3568654
  pitch: 16.937597
