lastAccountName: Denzel300
timestamps:
  login: 1503855969111
  logout: 1503856037292
ipAddress: 92.74.20.52
socialspy: false
logoutlocation:
  world: LionHUB
  x: 92.56448830119544
  y: 47.0
  z: -50.134857389880835
  yaw: 161.18866
  pitch: 12.988945
