timestamps:
  lastteleport: 1499901645623
  login: 1499901641163
lastlocation:
  world: LionHUB
  x: 93.5
  y: 45.0
  z: -62.5
  yaw: -359.88382
  pitch: -20.032845
lastAccountName: ibIEJDvHxOZVqnOH
ipAddress: 173.230.59.253
socialspy: false
logoutlocation:
  world: LionHUB
  x: 93.5
  y: 45.0
  z: -62.5
  yaw: -359.88382
  pitch: -20.032845
