lastlocation:
  world: Sg
  x: -99.22852503408936
  y: 5.0
  z: 50.4449592054275
  yaw: 6.1167035
  pitch: 6.6657186
lastAccountName: SalzPlays
timestamps:
  login: 1520963736570
  lastteleport: 1520963773695
  logout: 1520963786968
ipAddress: 99.228.106.124
money: '500.0'
logoutlocation:
  world: LionHUB
  x: 746.5235490372528
  y: 10.0
  z: 3613.771534486871
  yaw: -4.755469
  pitch: 1.2901002
