timestamps:
  lastteleport: 1499901723523
  login: 1499901702085
  logout: 1499901721847
lastlocation:
  world: LionHUB
  x: 93.35
  y: 45.0
  z: -62.35
  yaw: -359.88382
  pitch: -20.032845
lastAccountName: 0aAbHrvWCa9Pv5cX
ipAddress: 51.15.77.123
socialspy: false
logoutlocation:
  world: LionHUB
  x: 93.5
  y: 45.0
  z: -62.5
  yaw: -359.88382
  pitch: -20.032845
