lastlocation:
  world: LionHUB
  x: 942.845545392819
  y: 38.0
  z: -415.18732358528194
  yaw: -13.621145
  pitch: 5.113312
lastAccountName: adambmx
timestamps:
  login: 1516490992475
  logout: 1516490998437
  lastteleport: 1516049892508
ipAddress: 66.225.251.21
logoutlocation:
  world: LionHUB
  x: 943.0195191088159
  y: 38.0
  z: -414.25812266697704
  yaw: 0.2545072
  pitch: -6.750056
money: '500.0'
