timestamps:
  lastteleport: 1499901651943
  login: 1499901644656
  logout: 1499901650935
lastlocation:
  world: LionHUB
  x: 93.35
  y: 45.0
  z: -62.35
  yaw: -359.88382
  pitch: -20.032845
socialspy: false
lastAccountName: MFDf4jYglU63LysY
ipAddress: 173.230.5.174
logoutlocation:
  world: LionHUB
  x: 93.5
  y: 45.0
  z: -62.5
  yaw: -359.88382
  pitch: -20.032845
