lastlocation:
  world: LionHUB
  x: 898.897410767208
  y: 37.5
  z: -426.4396605750565
  yaw: 93.950294
  pitch: 1.0589844
lastAccountName: harsh_yuh
timestamps:
  login: 1511918808487
  logout: 1511918861579
  lastteleport: 1511918855799
ipAddress: 206.45.224.168
logoutlocation:
  world: MainLobby
  x: 18.69999998807907
  y: 57.0
  z: 0.5448525693209376
  yaw: 271.41312
  pitch: 8.979837
money: '0.0'
