lastlocation:
  world: LionHUB
  x: 943.0644037800563
  y: 38.0
  z: -414.69615849648756
  yaw: 358.24664
  pitch: 1.7075297
lastAccountName: serviceunknown
timestamps:
  login: 1507176119004
  logout: 1507176140842
ipAddress: 69.242.181.50
socialspy: false
logoutlocation:
  world: LionHUB
  x: 934.1095659196922
  y: 39.0
  z: -405.47888319800194
  yaw: 136.30386
  pitch: 15.089713
