lastlocation:
  world: LionHUB
  x: 942.0
  y: 38.0
  z: -415.0
  yaw: 0.0
  pitch: 0.0
lastAccountName: MangleTheFox7588
timestamps:
  login: 1515016831761
  logout: 1515016871560
ipAddress: 74.78.239.247
logoutlocation:
  world: LionHUB
  x: 955.5577881262864
  y: 37.0
  z: -427.3258440134032
  yaw: -103.606606
  pitch: 15.335565
