lastlocation:
  world: LionHUB
  x: 943.5381531984303
  y: 36.0
  z: -383.3799334640805
  yaw: 187.30594
  pitch: 28.883741
lastAccountName: YellowDuckPVP_
timestamps:
  login: 1510567156141
  logout: 1510567208264
  lastteleport: 1510567178051
ipAddress: 180.190.88.87
logoutlocation:
  world: MainLobby
  x: 0.8512855908575837
  y: 60.0
  z: 0.5007516487385146
  yaw: -89.64999
  pitch: 2.7534666
