lastlocation:
  world: LionHUB
  x: 944.6999999880791
  y: 36.5
  z: -411.90644477698305
  yaw: 359.5222
  pitch: -3.5336792
lastAccountName: gustavo_br
timestamps:
  login: 1513246150225
  lastteleport: 1513207102981
  logout: 1513246205546
ipAddress: 187.94.212.26
money: '500.0'
logoutlocation:
  world: LionHUB
  x: 943.0076851563089
  y: 38.0
  z: -414.09282632770635
  yaw: -247.07784
  pitch: 11.166327
