lastlocation:
  world: LionHUB
  x: 942.9847941585354
  y: 38.0
  z: -414.80756805231493
  yaw: -359.53693
  pitch: 4.701889
lastAccountName: LuckisSKYSET
timestamps:
  login: 1511893450674
  logout: 1511893505210
ipAddress: 186.48.131.139
logoutlocation:
  world: LionHUB
  x: 943.01980680229
  y: 38.0
  z: -414.08095707745224
  yaw: 0.044158936
  pitch: -3.881666
