lastlocation:
  world: LionHUB
  x: 758.0893169601308
  y: 6.0
  z: 3621.3080685441437
  yaw: -144.81285
  pitch: 18.291676
lastAccountName: xCarlitosDMC
timestamps:
  login: 1519943986082
  lastteleport: 1519944017334
  kits:
    starter: 1519944020517
  logout: 1519944147212
ipAddress: 85.55.241.135
money: '0.0'
logoutlocation:
  world: HCF
  x: 0.7780139290918402
  y: 72.0
  z: -27.07419001497464
  yaw: 178.52823
  pitch: 19.903078
