lastAccountName: GalaxyVagGR
timestamps:
  login: 1506278180472
  lastteleport: 1506279128009
  logout: 1506279158329
ipAddress: 188.4.52.244
socialspy: false
lastlocation:
  world: LionHUB
  x: 93.64455057367658
  y: 47.5
  z: -47.1706119518518
  yaw: 2.23317
  pitch: -29.448982
logoutlocation:
  world: MainLobby
  x: -0.5
  y: 60.0
  z: 0.5
  yaw: -89.913536
  pitch: 2.2263546
