lastlocation:
  world: LionHUB
  x: 942.9395244330399
  y: 38.0
  z: -414.9798036988763
  yaw: -36.76928
  pitch: 6.1262107
lastAccountName: xImBlackEagle
timestamps:
  login: 1508857018779
  lastteleport: 1507823255330
  logout: 1508857020988
ipAddress: 95.208.248.66
logoutlocation:
  world: LionHUB
  x: 942.9395244330399
  y: 38.0
  z: -414.9798036988763
  yaw: -7.903344
  pitch: 10.257533
