lastlocation:
  world: ASkyBlock
  x: 814.5477143055507
  y: 120.0
  z: -187.9289287746698
  yaw: -175.40425
  pitch: 6.2984276
lastAccountName: AletzaReach
timestamps:
  login: 1510509856420
  lastteleport: 1510509899623
  logout: 1510512277876
ipAddress: 190.14.142.50
logoutlocation:
  world: ASkyBlock
  x: 806.4036595046696
  y: 110.0
  z: -192.17076781517147
  yaw: -176.42822
  pitch: 5.1003795
