lastlocation:
  world: skywars
  x: 100.52122603014799
  y: 153.0
  z: -112.3719238999231
  yaw: -169.56805
  pitch: 13.599302
lastAccountName: KuerbiskopfMC
timestamps:
  login: 1507982891352
  lastteleport: 1507982920303
  logout: 1507982947877
ipAddress: 85.7.226.108
logoutlocation:
  world: LionHUB
  x: 942.9488413146928
  y: 38.0
  z: -414.5574110364727
  yaw: -6.1033463
  pitch: 56.60755
