lastlocation:
  world: UhcMeetup
  x: 175.38230506450395
  y: 77.1707870772188
  z: 76.05108207093868
  yaw: 213.35
  pitch: 70.600006
lastAccountName: ricegum393
timestamps:
  login: 1511401178699
  lastteleport: 1511401237186
  logout: 1511402223548
ipAddress: 50.71.222.143
logoutlocation:
  world: UhcMeetup
  x: 175.38230506450395
  y: 77.0
  z: 76.05108207093868
  yaw: 213.35
  pitch: 70.600006
