socialspy: false
lastAccountName: KcBPvP
timestamps:
  login: 1502260973459
  logout: 1502260976707
ipAddress: 112.119.26.160
logoutlocation:
  world: LionHUB
  x: 93.50848809898889
  y: 45.0
  z: -62.54658081977909
  yaw: 11.284803
  pitch: 2.016186
