lastlocation:
  world: skywars
  x: 102.91508116406723
  y: 150.0
  z: -132.93999118317382
  yaw: -167.70226
  pitch: 21.554028
lastAccountName: MineCraftSeGuro
timestamps:
  login: 1514995576462
  lastteleport: 1514431041371
  logout: 1514995619975
ipAddress: 181.113.163.165
money: '500.0'
logoutlocation:
  world: LionHUB
  x: 905.3000000119209
  y: 38.85220751148462
  z: -451.6885001078365
  yaw: 137.97221
  pitch: -5.6999903
