lastAccountName: AFKCameraGamerz
timestamps:
  login: 1507102665816
  lastteleport: 1507102703229
  logout: 1507103040489
ipAddress: 83.216.158.59
socialspy: false
lastlocation:
  world: LionHUB
  x: 943.0644037800563
  y: 38.0
  z: -414.69615849648756
  yaw: -1.7533569
  pitch: 1.7075297
logoutlocation:
  world: LionHUB
  x: 942.9847941585354
  y: 38.0
  z: -414.80756805231493
  yaw: -359.53693
  pitch: 4.701889
