lastAccountName: nroPyaG
socialspy: false
timestamps:
  login: 1503968546616
  lastteleport: 1503968892152
  logout: 1503969003540
ipAddress: 108.81.92.251
lastlocation:
  world: SkyBlock
  x: 22.5
  y: 68.5
  z: 3.5
  yaw: 129.18945
  pitch: 66.13465
logoutlocation:
  world: SkyBlock
  x: 22.48029140877256
  y: 68.5
  z: 3.960384759415133
  yaw: 6.779658
  pitch: 10.891321
