timestamps:
  lastteleport: 1499901647545
  login: 1499901641163
lastlocation:
  world: LionHUB
  x: 93.35
  y: 45.0
  z: -62.35
  yaw: -359.88382
  pitch: -20.032845
socialspy: false
lastAccountName: uwdHUMsPNDQkhJFv
ipAddress: 223.27.113.155
logoutlocation:
  world: LionHUB
  x: 93.5
  y: 45.0
  z: -62.5
  yaw: -359.88382
  pitch: -20.032845
