timestamps:
  lastteleport: 1500137112241
  login: 1500137007962
  logout: 1500137111089
lastlocation:
  world: MainLobby
  x: 0.692324993302306
  y: 60.0
  z: -0.8164648968012297
  yaw: 292.86752
  pitch: 15.257836
lastAccountName: The_Dark_Boy_TR_
ipAddress: 95.10.3.123
socialspy: false
logoutlocation:
  world: LionHUB
  x: 93.5
  y: 45.0
  z: -62.5
  yaw: -359.88382
  pitch: -20.032845
