lastlocation:
  world: MainLobby
  x: 4.782892016083223
  y: 60.5
  z: 2.817339377185432
  yaw: -102.76863
  pitch: 2.5602539
lastAccountName: explodingTNT111
timestamps:
  login: 1519264156974
  lastteleport: 1518978417860
  logout: 1519264173369
ipAddress: 73.107.179.106
money: '500.0'
logoutlocation:
  world: LionHUB
  x: 746.4592455243042
  y: 10.0
  z: 3608.7898504515924
  yaw: 1.3417077
  pitch: -12.8193655
