timestamps:
  lastteleport: 1499901715477
  login: 1499901694330
  logout: 1499901714128
lastlocation:
  world: LionHUB
  x: 93.5
  y: 45.0
  z: -62.5
  yaw: -359.88382
  pitch: -20.032845
socialspy: false
lastAccountName: wlBvsXg3JzsILvsz
ipAddress: 183.88.52.113
logoutlocation:
  world: LionHUB
  x: 93.5
  y: 45.0
  z: -62.5
  yaw: -359.88382
  pitch: -20.032845
