lastlocation:
  world: skywars
  x: 111.19619934526077
  y: 150.0
  z: -128.45644296871149
  yaw: -240.89185
  pitch: 14.552103
lastAccountName: Eloyiz
timestamps:
  login: 1510330624434
  logout: 1510330804309
  lastteleport: 1510330733365
ipAddress: 92.13.59.45
logoutlocation:
  world: LionHUB
  x: 904.3967873310631
  y: 38.52071087543763
  z: -451.91131772853066
  yaw: 132.26797
  pitch: 14.945767
