lastAccountName: PhuocH365
timestamps:
  login: 1505007775660
  lastteleport: 1505007796106
  logout: 1505008006015
ipAddress: 171.250.166.115
socialspy: false
lastlocation:
  world: LionHUB
  x: 93.3362319869556
  y: 47.5
  z: -46.93546389881594
  yaw: -5.150555
  pitch: -8.145813
logoutlocation:
  world: MainLobby
  x: 14.298901541463977
  y: 57.0
  z: 0.42144230570823094
  yaw: -253.77826
  pitch: 13.544255
