lastlocation:
  world: LionHUB
  x: 746.4592455243042
  y: 10.0
  z: 3608.7898504515924
  yaw: -0.10546875
  pitch: -4.859901
lastAccountName: DeBrUyNe55
timestamps:
  login: 1521380202470
  logout: 1521380209922
ipAddress: 185.160.110.8
logoutlocation:
  world: LionHUB
  x: 746.4592455243042
  y: 10.0
  z: 3608.7898504515924
  yaw: -35.35547
  pitch: 16.740095
