socialspy: false
lastAccountName: Gangster2004
timestamps:
  login: 1505482751825
  logout: 1505482757280
  lastteleport: 1504969232824
ipAddress: 77.160.101.126
logoutlocation:
  world: LionHUB
  x: 93.50848809898889
  y: 45.0
  z: -62.54658081977909
  yaw: -1.3562238
  pitch: -0.14151594
lastlocation:
  world: MainLobby
  x: 11.851379253064122
  y: 58.5
  z: -0.5222386226433351
  yaw: -283.0295
  pitch: -12.917176
