lastlocation:
  world: LionHUB
  x: 698.8186670769412
  y: 6.406352512776852
  z: 3561.7181830898394
  yaw: 140.29448
  pitch: -8.609889
lastAccountName: hanniie_
timestamps:
  login: 1518812005453
  lastteleport: 1518812039729
  logout: 1518812069290
ipAddress: 173.228.115.114
money: '0.0'
logoutlocation:
  world: Sg
  x: -110.1206719374295
  y: 4.0
  z: 56.53531253240348
  yaw: 172.0167
  pitch: 33.51572
