lastAccountName: jimmyboyz
timestamps:
  login: 1503999488131
  lastteleport: 1503999520696
  logout: 1503999631482
ipAddress: 77.49.166.249
socialspy: false
lastlocation:
  world: LionHUB
  x: 98.80086051109964
  y: 46.5
  z: -63.63470476420369
  yaw: -191.78827
  pitch: 8.956897
logoutlocation:
  world: MainLobby
  x: 4.95994052042526
  y: 59.5
  z: 0.5109037293545007
  yaw: -96.7231
  pitch: -12.282401
