lastAccountName: iRenven_Youtube
timestamps:
  login: 1502851754650
  lastteleport: 1502851758342
  logout: 1502853092408
ipAddress: 142.169.230.127
socialspy: false
lastlocation:
  world: LionHUB
  x: 93.48106718705094
  y: 45.0
  z: -61.475510948379025
  yaw: 3.2085843
  pitch: 7.6876793
logoutlocation:
  world: MainLobby
  x: 21.395782733269428
  y: 57.0
  z: -12.868118047876303
  yaw: -242.59348
  pitch: 19.11231
