lastlocation:
  world: MainLobby
  x: 18.273886179726077
  y: 57.0
  z: 0.2094725461998475
  yaw: -96.01816
  pitch: 17.25785
lastAccountName: xRainbowPixel14
timestamps:
  login: 1519429272742
  lastteleport: 1516033532085
  logout: 1519429279251
ipAddress: 98.164.171.221
money: '500.0'
logoutlocation:
  world: LionHUB
  x: 746.4592455243042
  y: 10.0
  z: 3608.7898504515924
  yaw: -2.251254
  pitch: -3.1432724
