lastAccountName: Kreyta1
timestamps:
  login: 1501533768005
  lastteleport: 1501533797718
  logout: 1501533901987
ipAddress: 41.143.94.33
socialspy: false
lastlocation:
  world: LionHUB
  x: 94.56280952578774
  y: 47.0
  z: -51.026107271806076
  yaw: 69.98867
  pitch: 39.838936
logoutlocation:
  world: MainLobby
  x: 19.776532755249956
  y: 57.0
  z: 19.10070149072017
  yaw: 63.469177
  pitch: 12.054349
