lastlocation:
  world: LionHUB
  x: 942.0
  y: 38.0
  z: -415.0
  yaw: 0.0
  pitch: 0.0
lastAccountName: PikaUsedIronTail
timestamps:
  login: 1516061948502
  logout: 1516061999073
ipAddress: 73.204.75.225
logoutlocation:
  world: LionHUB
  x: 935.3089476226753
  y: 37.5
  z: -407.9936143968749
  yaw: 31.787373
  pitch: 17.518642
