socialspy: false
lastAccountName: bbehThunderz
timestamps:
  login: 1516148738893
  lastteleport: 1516148774149
  logout: 1516149103468
ipAddress: 73.203.11.241
lastlocation:
  world: UhcMeetup
  x: 87.73980142949877
  y: 77.85456568118838
  z: 108.07084100405432
  yaw: -240.77727
  pitch: 32.054996
logoutlocation:
  world: MainLobby
  x: 6.368980894256666
  y: 59.0
  z: -0.5987145606112724
  yaw: -240.68108
  pitch: 38.151226
nickname: ยง4ThunderzYT
money: '0.0'
