lastlocation:
  world: MainLobby
  x: 10.017291660513617
  y: 60.0
  z: 0.5563713701745793
  yaw: -87.94999
  pitch: 22.09999
lastAccountName: JamesXD_
timestamps:
  login: 1520953043268
  lastteleport: 1520861859562
  logout: 1520953117076
ipAddress: 91.152.126.6
money: '500.0'
logoutlocation:
  world: LionHUB
  x: 723.4349853765957
  y: 5.0
  z: 3641.4067016723443
  yaw: -165.10562
  pitch: -4.2599354
