lastlocation:
  world: LionHUB
  x: 746.4592455243042
  y: 10.0
  z: 3608.7898504515924
  yaw: -0.10546875
  pitch: -4.859901
lastAccountName: LoLPro1099
timestamps:
  login: 1517524901883
  logout: 1517525267231
ipAddress: 5.150.193.106
logoutlocation:
  world: LionHUB
  x: 746.8611174143606
  y: 10.0
  z: 3599.391409677649
  yaw: -282.40533
  pitch: 3.4500065
