lastlocation:
  world: LionHUB
  x: 742.9041894572748
  y: 45.53999977707858
  z: 3608.783870145719
  yaw: 167.89449
  pitch: 29.490068
lastAccountName: ITz_charlie_69
timestamps:
  login: 1521371837137
  lastteleport: 1521371964759
  logout: 1521372041122
ipAddress: 90.254.100.35
money: '0.0'
logoutlocation:
  world: Sg
  x: -100.34618098573307
  y: 3.5
  z: 74.19999998807907
  yaw: 3.7156982
  pitch: 15.14999
