timestamps:
  lastteleport: 1499901635871
  login: 1499901632148
  logout: 1499901634990
lastlocation:
  world: LionHUB
  x: 93.35
  y: 45.0
  z: -62.35
  yaw: -359.88382
  pitch: -20.032845
lastAccountName: 9bkpqXTFFayr7jjt
ipAddress: 88.248.205.219
socialspy: false
logoutlocation:
  world: LionHUB
  x: 93.5
  y: 45.0
  z: -62.5
  yaw: -359.88382
  pitch: -20.032845
