timestamps:
  lastteleport: 1499901723610
  login: 1499901705073
  logout: 1499901721847
lastlocation:
  world: LionHUB
  x: 93.5
  y: 45.0
  z: -62.5
  yaw: -359.88382
  pitch: -20.032845
socialspy: false
lastAccountName: kPXc8VYc9TCXk5IZ
ipAddress: 88.225.216.167
logoutlocation:
  world: LionHUB
  x: 93.5
  y: 45.0
  z: -62.5
  yaw: -359.88382
  pitch: -20.032845
