lastAccountName: vikingamez
timestamps:
  login: 1504638542293
  lastteleport: 1504638548595
  logout: 1504638578012
ipAddress: 47.219.198.20
socialspy: false
lastlocation:
  world: LionHUB
  x: 93.51999108110613
  y: 45.0
  z: -62.30000001192093
  yaw: -42.51321
  pitch: -0.7500015
logoutlocation:
  world: LionHUB
  x: 93.51999108110613
  y: 45.0
  z: -62.30000001192093
  yaw: -34.713203
  pitch: 21.512167
