lastAccountName: XRickyxC
timestamps:
  login: 1503545176747
  logout: 1503545270244
ipAddress: 198.255.200.156
socialspy: false
logoutlocation:
  world: FFA
  x: 1.0
  y: 13.0
  z: 0.0
  yaw: 292.87534
  pitch: 28.514036
