socialspy: false
lastAccountName: Tbone_GamerZ_YT
timestamps:
  login: 1504059468020
  logout: 1504059896620
ipAddress: 47.215.188.4
logoutlocation:
  world: FFA
  x: 65.69999998807907
  y: 14.0
  z: 34.97160386842977
  yaw: -177.09534
  pitch: -0.006677866
