lastlocation:
  world: LionHUB
  x: 943.0195191088159
  y: 38.0
  z: -414.25812266697704
  yaw: -0.47781372
  pitch: -3.5336792
lastAccountName: hubberman
timestamps:
  login: 1514034684104
  logout: 1514034701582
ipAddress: 186.82.216.244
logoutlocation:
  world: LionHUB
  x: 943.1411380966919
  y: 37.0
  z: -408.07984202749054
  yaw: 257.67224
  pitch: 8.016318
