lastAccountName: Anakin_Evan21
timestamps:
  login: 1506138730884
  lastteleport: 1506042803288
  logout: 1506138744479
ipAddress: 72.205.211.45
socialspy: false
lastlocation:
  world: LionHUB
  x: 93.53863672360603
  y: 46.0
  z: -60.651473436149416
  yaw: -2.4920125
  pitch: 11.762165
logoutlocation:
  world: LionHUB
  x: 93.51999108110613
  y: 45.0
  z: -62.30000001192093
  yaw: 44.202393
  pitch: 11.147765
