lastAccountName: Sable24
timestamps:
  login: 1506275295920
  logout: 1506275280498
ipAddress: 206.109.23.56
socialspy: false
logoutlocation:
  world: LionHUB
  x: 85.9416036153068
  y: 46.0
  z: -67.07499998807907
  yaw: 268.51978
  pitch: -1.8820724
