lastlocation:
  world: LionHUB
  x: 942.0
  y: 38.0
  z: -415.0
  yaw: 0.0
  pitch: 0.0
lastAccountName: Viepy
timestamps:
  login: 1517180078636
  logout: 1517180160953
ipAddress: 172.92.246.247
logoutlocation:
  world: LionHUB
  x: 948.6684840216018
  y: 37.0
  z: -402.61501953319845
  yaw: -127.14043
  pitch: -15.608364
