timestamps:
  lastteleport: 1501019051877
  login: 1501019041192
  logout: 1501019050923
lastlocation:
  world: LionHUB
  x: 93.4931031334238
  y: 45.0
  z: -62.69999998807907
  yaw: 41.435337
  pitch: -10.479959
lastAccountName: your_good
ipAddress: 70.26.210.99
socialspy: false
logoutlocation:
  world: LionHUB
  x: 93.5
  y: 45.0
  z: -62.5
  yaw: -359.88382
  pitch: -20.032845
