lastlocation:
  world: LionHUB
  x: 746.4592455243042
  y: 10.0
  z: 3608.7898504515924
  yaw: -0.10546875
  pitch: -4.859901
lastAccountName: MinecraftAddict
timestamps:
  login: 1517527752228
  logout: 1517527807784
ipAddress: 104.159.246.183
logoutlocation:
  world: LionHUB
  x: 750.6602022423439
  y: 11.5
  z: 3616.3740198670616
  yaw: -185.80682
  pitch: 13.590095
