lastlocation:
  world: LionHUB
  x: 941.9677343908697
  y: 38.0
  z: -414.3752078438637
  yaw: 4.799998
  pitch: -3.9000008
lastAccountName: Shalal_101
timestamps:
  login: 1513806759758
  logout: 1513806807295
ipAddress: 88.98.210.90
logoutlocation:
  world: LionHUB
  x: 952.3730495427493
  y: 37.0
  z: -417.9202906980468
  yaw: 57.450104
  pitch: -15.9
