lastlocation:
  world: map
  x: -990.5091660500618
  y: 84.0
  z: 293.43932246566703
  yaw: -162.7233
  pitch: 0.0
