lastlocation:
  world: LionHUB
  x: 942.0
  y: 38.0
  z: -415.0
  yaw: 0.0
  pitch: 0.0
lastAccountName: iApple21
timestamps:
  login: 1514561348050
  logout: 1514561373065
ipAddress: 46.217.241.174
logoutlocation:
  world: LionHUB
  x: 943.0417469065459
  y: 37.0
  z: -408.81230592655896
  yaw: 66.12213
  pitch: 8.316321
