lastlocation:
  world: TheZone85
  x: -0.06519069970520852
  y: 73.53251927249465
  z: -17.015440575112457
  yaw: -21.446497
  pitch: 8.144918
lastAccountName: White_Death02
timestamps:
  login: 1518054457376
  lastteleport: 1518054606113
  logout: 1518054641847
ipAddress: 104.139.16.208
money: '0.0'
logoutlocation:
  world: Sg
  x: -100.97886024182662
  y: 5.0
  z: 44.968568256590515
  yaw: 154.12682
  pitch: -11.381702
