lastlocation:
  world: LionHUB
  x: 942.9847941585354
  y: 38.0
  z: -414.80756805231493
  yaw: -359.53693
  pitch: 4.701889
lastAccountName: LordSquiddo
timestamps:
  login: 1510679688335
  logout: 1510679738165
ipAddress: 78.69.120.231
logoutlocation:
  world: LionHUB
  x: 943.0634319403969
  y: 38.0
  z: -415.119161521447
  yaw: -88.08252
  pitch: 32.676716
