lastlocation:
  world: LionHUB
  x: 942.0
  y: 38.0
  z: -415.0
  yaw: 0.0
  pitch: 0.0
lastAccountName: UGLYWAE
timestamps:
  login: 1516053896889
  logout: 1516053915329
ipAddress: 68.132.22.55
logoutlocation:
  world: LionHUB
  x: 943.7100491967896
  y: 38.0
  z: -414.486648135167
  yaw: 148.51651
  pitch: 7.356477
