lastlocation:
  world: lobby_practice
  x: -21.38603760671799
  y: 83.0
  z: -3852.2331378887184
  yaw: 14.781343
  pitch: -21.681244
lastAccountName: BlaBlaSillySheep
timestamps:
  login: 1512775174031
  logout: 1512775482804
ipAddress: 82.95.183.138
money: '0.0'
logoutlocation:
  world: MainLobby
  x: 3.594623451339955
  y: 60.0
  z: 0.6868493781356256
  yaw: 63.326378
  pitch: -3.7937388
