timestamps:
  lastteleport: 1498987260705
  login: 1498987229936
  logout: 1498987260004
lastlocation:
  world: LionHUB
  x: 30.5
  y: 67.0
  z: 15.5
  yaw: 90.11987
  pitch: -0.34908158
socialspy: false
lastAccountName: bubsona
ipAddress: 85.118.110.240
logoutlocation:
  world: LionHUB
  x: 30.5
  y: 67.0
  z: 15.5
  yaw: 90.11987
  pitch: -0.34908158
