lastAccountName: DavyJones2000
timestamps:
  login: 1506202620454
  lastteleport: 1506202644576
  logout: 1506202691565
ipAddress: 92.224.109.130
socialspy: false
lastlocation:
  world: LionHUB
  x: 93.46029324160303
  y: 47.0
  z: -47.555480691606874
  yaw: 2.8498652
  pitch: -26.449764
logoutlocation:
  world: MainLobby
  x: 10.653909045134048
  y: 60.0
  z: 0.5038466988037102
  yaw: 223.72607
  pitch: -84.555855
