lastlocation:
  world: MainLobby
  x: 22.57513618461976
  y: 58.0
  z: 5.796562196886958
  yaw: -304.56335
  pitch: 22.62634
lastAccountName: NathanOOF
timestamps:
  login: 1517527432574
  lastteleport: 1517527682989
  logout: 1517527845414
ipAddress: 199.66.168.127
money: '0.0'
logoutlocation:
  world: MainLobby
  x: 27.708646439938413
  y: 57.0
  z: 8.550405328060862
  yaw: -340.09982
  pitch: 3.500023
