timestamps:
  lastteleport: 1499691193546
  login: 1499691183387
  logout: 1499691192044
lastlocation:
  world: LionHUB
  x: 93.5
  y: 45.0
  z: -62.5
  yaw: -237.93385
  pitch: 18.217154
lastAccountName: partybosz
ipAddress: 36.74.246.41
socialspy: false
logoutlocation:
  world: LionHUB
  x: 93.5
  y: 45.0
  z: -62.5
  yaw: -359.88382
  pitch: -20.032845
