lastlocation:
  world: MainLobby
  x: -0.5335005639400162
  y: 60.0
  z: 0.46918172662426155
  yaw: -89.0
  pitch: 2.0
lastAccountName: ReLx__
timestamps:
  login: 1513695629448
  lastteleport: 1513695678548
  logout: 1513695707962
ipAddress: 5.194.216.140
money: '0.0'
logoutlocation:
  world: MainLobby
  x: 11.629398402365592
  y: 58.0
  z: 2.301533661848441
  yaw: -208.98346
  pitch: -5.6029553
