lastlocation:
  world: Factions
  x: 7303.699999988079
  y: 12.0
  z: 5980.699999988079
  yaw: 143.01976
  pitch: 12.449192
