lastlocation:
  world: LionHUB
  x: 943.0195191088159
  y: 38.0
  z: -414.25812266697704
  yaw: 359.5222
  pitch: -3.5336792
lastAccountName: ZeroPVP_01
timestamps:
  login: 1516870249961
  logout: 1516870260257
ipAddress: 126.71.72.120
logoutlocation:
  world: LionHUB
  x: 943.0215484334066
  y: 37.5
  z: -413.58325740828275
  yaw: 7.6221857
  pitch: 35.31632
