lastlocation:
  world: LionHUB
  x: 942.0
  y: 38.0
  z: -415.0
  yaw: 0.0
  pitch: 0.0
lastAccountName: SmolerPlay
timestamps:
  login: 1514917177911
  logout: 1514917206560
ipAddress: 78.161.141.99
logoutlocation:
  world: LionHUB
  x: 944.3480236735564
  y: 81.0
  z: -415.30000001192093
  yaw: 334.14102
  pitch: 40.030422
