lastAccountName: Jack_Stu
timestamps:
  login: 1501659580768
  logout: 1501659974374
  lastteleport: 1501659667333
ipAddress: 218.252.94.7
socialspy: false
logoutlocation:
  world: MainLobby
  x: 13.300000011920929
  y: 57.0
  z: -0.81648316934978
  yaw: 33.84552
  pitch: -8.211111
lastlocation:
  world: LionHUB
  x: 93.40091830921634
  y: 47.0
  z: -47.58279368586867
  yaw: -11.652063
  pitch: 3.8009648
