lastlocation:
  world: LionHUB
  x: 942.993024664454
  y: 37.0
  z: -410.71686602295654
  yaw: -0.4044017
  pitch: 20.049538
lastAccountName: TheArcticBear_
timestamps:
  login: 1508578106408
  lastteleport: 1508578130194
  logout: 1508578137834
ipAddress: 203.45.78.155
logoutlocation:
  world: Sg
  x: -99.61981423781253
  y: 5.0
  z: 45.75160083702336
  yaw: -25.258453
  pitch: -3.8612044
