lastlocation:
  world: LionHUB
  x: 746.4592455243042
  y: 10.0
  z: 3608.7898504515924
  yaw: -0.10546875
  pitch: -4.859901
lastAccountName: CoolFeather
timestamps:
  login: 1519310774964
  logout: 1519311215552
ipAddress: 78.67.83.62
logoutlocation:
  world: LionHUB
  x: 714.4228688385037
  y: 5.0
  z: 3577.6955762367434
  yaw: 240.14832
  pitch: 8.91896
