lastAccountName: ForcesStrike228
timestamps:
  login: 1504360372663
  lastteleport: 1504360377614
  logout: 1504361236443
ipAddress: 88.232.225.128
socialspy: false
lastlocation:
  world: LionHUB
  x: 93.51999108110613
  y: 45.0
  z: -62.30000001192093
  yaw: -1.2632126
  pitch: 11.762165
logoutlocation:
  world: MainLobby
  x: 4.949710397426063
  y: 59.5
  z: 0.7601160008563098
  yaw: -128.29953
  pitch: 20.750015
