timestamps:
  lastteleport: 1499901680539
  login: 1499901676644
  logout: 1499901678498
lastlocation:
  world: LionHUB
  x: 93.5
  y: 45.0
  z: -62.5
  yaw: -359.88382
  pitch: -20.032845
lastAccountName: 5DHzZmkru4rr0pLA
ipAddress: 85.235.173.42
socialspy: false
logoutlocation:
  world: LionHUB
  x: 93.5
  y: 45.0
  z: -62.5
  yaw: -359.88382
  pitch: -20.032845
