socialspy: false
lastAccountName: borbie9999
timestamps:
  login: 1504568565638
  lastteleport: 1504568595269
  logout: 1504568599564
ipAddress: 173.25.37.14
lastlocation:
  world: LionHUB
  x: 93.43851246039014
  y: 46.0
  z: -86.17098683937112
  yaw: 355.13974
  pitch: 3.2051694
logoutlocation:
  world: Sg
  x: -99.5
  y: 5.0
  z: 51.5
  yaw: -198.67912
  pitch: 9.870097
