timestamps:
  lastteleport: 1500993869898
  login: 1500992563100
  logout: 1500993867996
lastlocation:
  world: MainLobby
  x: 4.211433035598481
  y: 60.0
  z: -1.699999988079071
  yaw: -167.37286
  pitch: 25.487991
lastAccountName: kenyongilbert
ipAddress: 92.237.102.251
socialspy: false
logoutlocation:
  world: LionHUB
  x: 93.5
  y: 45.0
  z: -62.5
  yaw: -359.88382
  pitch: -20.032845
