lastAccountName: akakillua
timestamps:
  login: 1502202727801
  logout: 1502203027310
ipAddress: 188.50.185.244
socialspy: false
logoutlocation:
  world: FFA
  x: 1.0
  y: 13.0
  z: 0.0
  yaw: -123.26882
  pitch: -0.24854612
