timestamps:
  lastteleport: 1500807384649
  login: 1500807351766
  logout: 1500807383096
lastlocation:
  world: FFA
  x: 25.001838952410875
  y: 13.0
  z: 2.1601969485900048
  yaw: -125.12562
  pitch: 4.780176
lastAccountName: ronron0909
ipAddress: 124.104.44.190
socialspy: false
logoutlocation:
  world: LionHUB
  x: 49.0
  y: 4.0
  z: -92.0
  yaw: -359.88382
  pitch: -20.032845
