lastlocation:
  world: MainLobby
  x: 32.396373170632025
  y: 57.0
  z: -11.652771869835394
  yaw: 5.8541613
  pitch: 18.295706
lastAccountName: 69TheWorld4Peace
timestamps:
  login: 1519155696121
  lastteleport: 1517512739121
  logout: 1519155700942
ipAddress: 2.30.196.152
money: '500.0'
logoutlocation:
  world: LionHUB
  x: 746.4592455243042
  y: 10.0
  z: 3608.7898504515924
  yaw: 2.6261804
  pitch: 2.2989037
