lastlocation:
  world: LionHUB
  x: 746.4592455243042
  y: 10.0
  z: 3608.7898504515924
  yaw: -0.10546875
  pitch: -4.859901
lastAccountName: Nozmirc
timestamps:
  login: 1518496716723
  lastteleport: 1518496883217
  logout: 1518496886570
ipAddress: 69.181.160.152
money: '0.0'
logoutlocation:
  world: Sg
  x: -98.91779255982755
  y: 5.0
  z: 50.623176900827225
  yaw: -178.37125
  pitch: -4.1334834
