lastAccountName: iNuutella
timestamps:
  login: 1503859115338
  logout: 1503859139289
ipAddress: 73.55.189.54
socialspy: false
logoutlocation:
  world: LionHUB
  x: 95.21232757745786
  y: 47.0
  z: -50.112477530207215
  yaw: -180.4765
  pitch: 28.054409
