lastlocation:
  world: Factions
  x: 606.3553195127088
  y: 71.0
  z: -402.7077963798086
  yaw: 254.07397
  pitch: 30.000053
