socialspy: false
lastAccountName: VeLoMa
timestamps:
  login: 1503074732269
  logout: 1503074747581
ipAddress: 84.157.241.15
logoutlocation:
  world: LionHUB
  x: 94.32566473852715
  y: 47.24918707874468
  z: -56.5307194113602
  yaw: -182.4613
  pitch: 15.68894
