lastlocation:
  world: LionHUB
  x: 942.9421743061163
  y: 38.0
  z: -363.08990683922144
  yaw: -0.7778815
  pitch: 15.966312
lastAccountName: RAZIANTH
timestamps:
  login: 1510806804329
  lastteleport: 1510806899843
  logout: 1510806915274
ipAddress: 112.202.117.225
logoutlocation:
  world: MainLobby
  x: 12.694458977139904
  y: 57.0
  z: -4.884311696543472
  yaw: 224.48643
  pitch: 31.32635
