lastlocation:
  world: MainLobby
  x: -0.5335005639400162
  y: 60.0
  z: 0.46918172662426155
  yaw: -89.0
  pitch: 2.0
lastAccountName: zQuinz_
timestamps:
  login: 1511964215796
  lastteleport: 1511964226742
  logout: 1511964301231
ipAddress: 95.90.231.230
money: '0.0'
logoutlocation:
  world: MainLobby
  x: 0.28480069957055165
  y: 60.0
  z: 0.44667865539972196
  yaw: -101.6
  pitch: -14.299998
