lastAccountName: thevincentlol
timestamps:
  login: 1503568798477
  lastteleport: 1503471595249
  logout: 1503568819035
ipAddress: 158.140.182.90
socialspy: false
lastlocation:
  world: LionHUB
  x: 93.35153865934859
  y: 47.0
  z: -48.11362223876802
  yaw: 175.00233
  pitch: -9.214599
logoutlocation:
  world: LionHUB
  x: 93.021725002318
  y: 47.0
  z: -48.071132679044986
  yaw: 16.709423
  pitch: 14.877422
