timestamps:
  lastteleport: 1499841318322
  login: 1499841309662
  logout: 1499841318221
lastlocation:
  world: LionHUB
  x: 93.5
  y: 45.0
  z: -62.5
  yaw: -133.53381
  pitch: 23.317154
socialspy: false
lastAccountName: SpaceYT
ipAddress: 36.74.246.41
logoutlocation:
  world: LionHUB
  x: 93.5
  y: 45.0
  z: -62.5
  yaw: -359.88382
  pitch: -20.032845
