lastlocation:
  world: LionHUB
  x: 942.6713983048813
  y: 39.00133597911215
  z: -466.6978441736363
  yaw: 179.40013
  pitch: 20.399992
lastAccountName: Matty0106
timestamps:
  login: 1512773558443
  lastteleport: 1512773570083
  logout: 1512773576611
ipAddress: 68.58.66.55
money: '0.0'
logoutlocation:
  world: Factions
  x: 120.0993077542503
  y: 68.5
  z: -326.922147160182
  yaw: -11.576599
  pitch: 17.650528
