lastlocation:
  world: LionHUB
  x: 942.9540883425389
  y: 38.0
  z: -414.0352811543057
  yaw: 359.14667
  pitch: 8.757535
lastAccountName: Finnistcool
timestamps:
  login: 1507907339713
  logout: 1507907350289
ipAddress: 93.214.211.193
logoutlocation:
  world: LionHUB
  x: 942.9395244330399
  y: 38.0
  z: -414.9798036988763
  yaw: -269.3535
  pitch: 12.207529
