socialspy: false
lastAccountName: superman12fajstw
timestamps:
  login: 1503358289693
  logout: 1503358369634
ipAddress: 177.75.205.12
logoutlocation:
  world: LionHUB
  x: 93.50848809898889
  y: 45.0
  z: -62.54658081977909
  yaw: 1.2886657
  pitch: -1.4110628
