lastAccountName: DemShotz
timestamps:
  login: 1503055517856
  logout: 1503055526720
ipAddress: 37.24.150.10
socialspy: false
logoutlocation:
  world: LionHUB
  x: 95.48377331628403
  y: 46.0
  z: -62.38345188836469
  yaw: 12.68689
  pitch: 24.238922
