timestamps:
  lastteleport: 1501000223923
  login: 1501000222068
  logout: 1501000222867
lastlocation:
  world: LionHUB
  x: 93.5
  y: 45.0
  z: -62.5
  yaw: 0.11618042
  pitch: -20.032845
lastAccountName: Lethal_Death
ipAddress: 182.186.122.25
socialspy: false
logoutlocation:
  world: LionHUB
  x: 93.5
  y: 45.0
  z: -62.5
  yaw: -359.88382
  pitch: -20.032845
