lastlocation:
  world: LionHUB
  x: 943.0644037800563
  y: 38.0
  z: -414.69615849648756
  yaw: -1.7533569
  pitch: 1.7075297
lastAccountName: viggo0505
timestamps:
  login: 1507643034672
  logout: 1507643056959
ipAddress: 81.227.93.4
logoutlocation:
  world: LionHUB
  x: 942.8490451189155
  y: 38.0
  z: -414.96517471315565
  yaw: 163.21306
  pitch: 24.651865
