lastlocation:
  world: skywars
  x: 100.98239319784885
  y: 150.0
  z: -128.30000001192093
  yaw: 193.34254
  pitch: 0.97973144
lastAccountName: Yukito_19
timestamps:
  login: 1508203400211
  logout: 1508203439242
ipAddress: 181.57.105.194
logoutlocation:
  world: LionHUB
  x: 942.9395244330399
  y: 38.0
  z: -414.9798036988763
  yaw: 5.9560547
  pitch: 7.742461
