lastAccountName: oscarstar111
timestamps:
  login: 1502788186794
  logout: 1502788187050
ipAddress: 79.228.200.227
socialspy: false
logoutlocation:
  world: LionHUB
  x: 93.52057924285327
  y: 45.0
  z: -61.30000001192093
  yaw: -0.64881253
  pitch: 20.978167
