lastlocation:
  world: LionHUB
  x: 746.4608700279573
  y: 10.0
  z: 3610.749352552852
  yaw: -28.455465
  pitch: 11.0401
lastAccountName: Alex_alma
timestamps:
  login: 1519511782995
  lastteleport: 1519511802630
  logout: 1519511805792
ipAddress: 92.249.144.43
money: '0.0'
logoutlocation:
  world: Sg
  x: -99.68121483778376
  y: 5.0
  z: 47.52161455373535
  yaw: -184.23326
  pitch: -4.284283
