lastAccountName: Matthias_TV
timestamps:
  login: 1502120162623
  lastteleport: 1502120324677
  logout: 1502120358794
ipAddress: 188.60.102.26
socialspy: false
lastlocation:
  world: LionHUB
  x: 91.87598022383133
  y: 48.0
  z: -46.95782212262422
  yaw: 312.61786
  pitch: 10.697367
logoutlocation:
  world: LionHUB
  x: 93.51999108110613
  y: 45.0
  z: -62.30000001192093
  yaw: -0.31671855
  pitch: 11.643853
