lastlocation:
  world: LionHUB
  x: 943.0195191088159
  y: 38.0
  z: -414.25812266697704
  yaw: -0.47781372
  pitch: -3.5336792
lastAccountName: amerkillerxBR
timestamps:
  login: 1510703107128
  logout: 1510703216007
ipAddress: 170.83.228.19
logoutlocation:
  world: LionHUB
  x: 924.162446436525
  y: 36.0
  z: -422.7852872137841
  yaw: 359.5222
  pitch: -3.5336792
