lastlocation:
  world: LionHUB
  x: 937.222466787953
  y: 37.0
  z: -407.88133009727284
  yaw: -9.478058
  pitch: 7.2663226
lastAccountName: oMULAiLanHD
timestamps:
  login: 1512682911858
  lastteleport: 1512682953266
  logout: 1512683074018
ipAddress: 90.206.228.220
money: '0.0'
logoutlocation:
  world: MainLobby
  x: -1.699999988079071
  y: 60.0
  z: -2.416085147302282
  yaw: -73.71349
  pitch: 6.2763543
