lastAccountName: the_boy90
timestamps:
  login: 1506436991429
  lastteleport: 1506351287930
  logout: 1506437112743
ipAddress: 176.205.93.84
socialspy: false
lastlocation:
  world: LionHUB
  x: 93.75634472754574
  y: 46.0
  z: -69.49500276705697
  yaw: -184.87027
  pitch: 20.8855
logoutlocation:
  world: LionHUB
  x: 93.51689917863206
  y: 45.5
  z: -62.91170504399865
  yaw: 181.96326
  pitch: 8.270123
