lastAccountName: _EpicPlayz
timestamps:
  login: 1501706787212
  logout: 1501706853168
ipAddress: 68.148.76.219
socialspy: false
logoutlocation:
  world: LionHUB
  x: 93.50848809898889
  y: 45.0
  z: -62.54658081977909
  yaw: -99.89389
  pitch: 16.244947
