timestamps:
  lastteleport: 1499901639998
  login: 1499901636815
lastlocation:
  world: LionHUB
  x: 93.5
  y: 45.0
  z: -62.5
  yaw: -359.88382
  pitch: -20.032845
socialspy: false
lastAccountName: 2QtdpwKsc3U1tBOQ
ipAddress: 66.253.237.78
logoutlocation:
  world: LionHUB
  x: 93.5
  y: 45.0
  z: -62.5
  yaw: -359.88382
  pitch: -20.032845
