lastlocation:
  world: LionHUB
  x: 942.0
  y: 38.0
  z: -415.0
  yaw: 87.19709
  pitch: 10.34998
lastAccountName: rijk_m
timestamps:
  login: 1507301717416
  lastteleport: 1507214068570
  logout: 1507301845428
ipAddress: 83.128.40.115
socialspy: false
logoutlocation:
  world: LionHUB
  x: 987.7557480398365
  y: 37.0
  z: -425.31556303349294
  yaw: -191.95293
  pitch: 14.757469
