timestamps:
  lastteleport: 1499901647342
  login: 1499901641161
lastlocation:
  world: LionHUB
  x: 93.35
  y: 45.0
  z: -62.35
  yaw: -359.88382
  pitch: -20.032845
lastAccountName: p9oLvUwAGljwutMD
socialspy: false
ipAddress: 94.22.242.30
logoutlocation:
  world: LionHUB
  x: 93.5
  y: 45.0
  z: -62.5
  yaw: -359.88382
  pitch: -20.032845
