lastAccountName: ItzMxrk
timestamps:
  login: 1504835116467
  logout: 1504836043088
  lastteleport: 1504835122481
ipAddress: 45.48.19.2
socialspy: false
logoutlocation:
  world: MainLobby
  x: -0.5335005639400162
  y: 60.0
  z: 0.4691817266242615
  yaw: -88.47612
  pitch: 2.3667111
lastlocation:
  world: LionHUB
  x: 93.46543799040073
  y: 47.0
  z: -47.699601800848825
  yaw: -5.8209076
  pitch: -0.4964628
