lastAccountName: yacoubyol
timestamps:
  login: 1504624153010
  logout: 1504624155001
ipAddress: 82.102.207.155
socialspy: false
logoutlocation:
  world: LionHUB
  x: 93.23190634165296
  y: 45.5
  z: -62.01262245877014
  yaw: 22.738665
  pitch: 9.988937
