lastlocation:
  world: MainLobby
  x: 27.557840489264972
  y: 79.0
  z: 490.963797264452
  yaw: -232.09142
  pitch: 21.611668
lastAccountName: ElusivePvP
timestamps:
  login: 1508707383085
  lastteleport: 1508705336948
  logout: 1508707385030
ipAddress: 104.244.230.158
logoutlocation:
  world: LionHUB
  x: 942.9395244330399
  y: 38.0
  z: -414.9798036988763
  yaw: -2.0424604
  pitch: 37.386707
