lastAccountName: verbrxnt
timestamps:
  login: 1506090392700
  lastteleport: 1506090441837
  logout: 1506090894905
ipAddress: 92.76.66.213
socialspy: false
lastlocation:
  world: LionHUB
  x: 93.46831146920815
  y: 46.0
  z: -55.48843209628744
  yaw: 359.9146
  pitch: 12.799683
logoutlocation:
  world: MainLobby
  x: 0.5068958892079058
  y: 60.0
  z: 0.4552777511447341
  yaw: 278.78885
  pitch: 7.6620135
