lastlocation:
  world: LionHUB
  x: 942.0
  y: 38.0
  z: -415.0
  yaw: 0.0
  pitch: 0.0
lastAccountName: Swilr
timestamps:
  login: 1512614299419
  logout: 1512614329490
ipAddress: 24.79.41.201
logoutlocation:
  world: LionHUB
  x: 942.7923337342562
  y: 35.0
  z: -441.4146136843535
  yaw: 37.51007
  pitch: -12.614483
