lastlocation:
  world: LionHUB
  x: 942.0
  y: 38.0
  z: -415.0
  yaw: 0.0
  pitch: 0.0
lastAccountName: DaRealMadMonkey
timestamps:
  login: 1512683852800
  logout: 1512683865220
ipAddress: 90.206.228.220
logoutlocation:
  world: LionHUB
  x: 943.0195191088159
  y: 38.0
  z: -414.25812266697704
  yaw: 5.8500023
  pitch: 15.900001
