lastAccountName: kindlenhanb
timestamps:
  login: 1505006610301
  lastteleport: 1505006413309
  logout: 1505007025065
ipAddress: 123.21.17.2
socialspy: false
lastlocation:
  world: LionHUB
  x: 93.81969252516836
  y: 47.0
  z: -48.73300147017173
  yaw: 3.8440266
  pitch: -3.4188445
logoutlocation:
  world: MainLobby
  x: 3.5378569228513514
  y: 60.0
  z: 0.34806611616249583
  yaw: 259.5009
  pitch: 35.037144
