lastlocation:
  world: skywars
  x: 102.5
  y: 150.0
  z: -129.5
  yaw: -2.2522888
  pitch: -12.645975
lastAccountName: Nice02
timestamps:
  login: 1517157481174
  lastteleport: 1517157780293
  logout: 1517159445749
ipAddress: 176.58.168.88
money: '500.0'
logoutlocation:
  world: LionHUB
  x: 943.0391184273202
  y: 38.0
  z: -414.25828427002654
  yaw: 358.64767
  pitch: -2.034592
