lastAccountName: Seqzi
timestamps:
  login: 1506100890101
  lastteleport: 1506100981745
  logout: 1506101035662
ipAddress: 217.42.212.168
socialspy: false
lastlocation:
  world: LionHUB
  x: 93.83413189541484
  y: 47.0
  z: -48.39670881401071
  yaw: 35.63673
  pitch: 9.062172
logoutlocation:
  world: ASkyBlock
  x: 0.0
  y: 118.0
  z: 0.0
  yaw: -156.75008
  pitch: 53.55
