lastlocation:
  world: LionHUB
  x: 764.6380867277471
  y: 9.0
  z: 3674.011536661279
  yaw: -249.40686
  pitch: 40.350002
lastAccountName: SevenCircle
timestamps:
  login: 1520799601918
  logout: 1520799612464
ipAddress: 179.32.242.167
logoutlocation:
  world: LionHUB
  x: 745.6391887038519
  y: 15.5
  z: 3630.269295238963
  yaw: 4.694529
  pitch: 7.140096
