lastlocation:
  world: map
  x: -990.6070904439345
  y: 13.0
  z: 282.14498421488634
  yaw: -146.11203
  pitch: -9.532653
