lastlocation:
  world: LionHUB
  x: 943.0644037800563
  y: 38.0
  z: -414.69615849648756
  yaw: -1.7533569
  pitch: 1.7075297
lastAccountName: LukeGlory
timestamps:
  login: 1507436196086
  logout: 1507436398928
ipAddress: 101.161.17.110
socialspy: false
logoutlocation:
  world: LionHUB
  x: 943.1942631955213
  y: 37.0
  z: -423.3054875473389
  yaw: 181.97537
  pitch: 18.442131
