lastlocation:
  world: TheZone85
  x: 7.939375430230822
  y: 57.0
  z: 16.193908457028165
  yaw: -19.850054
  pitch: 15.4500065
lastAccountName: DankMemeGamer
timestamps:
  login: 1514263936537
  lastteleport: 1514264005313
  logout: 1514264151421
ipAddress: 74.129.29.175
money: '0.0'
logoutlocation:
  world: Sg
  x: -101.98822924803575
  y: 5.0
  z: 46.99214492934019
  yaw: -169.83353
  pitch: 3.9657187
