lastlocation:
  world: LionHUB
  x: 943.0195191088159
  y: 38.0
  z: -414.25812266697704
  yaw: -0.47781372
  pitch: -3.5336792
lastAccountName: claydog06
timestamps:
  login: 1517023077398
  lastteleport: 1516043204103
  logout: 1517023169773
ipAddress: 71.46.94.70
money: '500.0'
logoutlocation:
  world: LionHUB
  x: 943.2153177557466
  y: 37.0
  z: -417.9091704159509
  yaw: -3.9276433
  pitch: -3.3000674
