lastlocation:
  world: LionHUB
  x: 943.2511900412333
  y: 35.0
  z: -441.5970020521569
  yaw: 3.1866271
  pitch: 2.3725092
lastAccountName: Thunderfart_FTW
timestamps:
  login: 1508003107113
  lastteleport: 1508003256502
  logout: 1508003333714
ipAddress: 79.136.27.209
logoutlocation:
  world: MainLobby
  x: 7.403988319682526
  y: 60.4807108763317
  z: 0.18460889015875448
  yaw: 114.076454
  pitch: 6.8852
