timestamps:
  lastteleport: 1499901677564
  login: 1499901640990
  logout: 1499901671077
lastlocation:
  world: LionHUB
  x: 93.35
  y: 45.0
  z: -62.35
  yaw: -359.88382
  pitch: -20.032845
lastAccountName: 5QIkdZTei7hqdQWw
ipAddress: 94.156.18.65
socialspy: false
logoutlocation:
  world: LionHUB
  x: 93.5
  y: 45.0
  z: -62.5
  yaw: -359.88382
  pitch: -20.032845
