lastlocation:
  world: LionHUB
  x: 942.9395244330399
  y: 38.0
  z: -414.9798036988763
  yaw: -4.153345
  pitch: 2.907533
lastAccountName: HyperFrogHD
timestamps:
  login: 1508594269410
  logout: 1508594279527
ipAddress: 188.222.240.40
socialspy: false
logoutlocation:
  world: LionHUB
  x: 942.7090017449398
  y: 37.0
  z: -411.20638302899357
  yaw: -23.053345
  pitch: 22.707533
