socialspy: false
lastAccountName: TheEpicMakers
timestamps:
  login: 1504894344477
  lastteleport: 1504894391070
  logout: 1504894531973
ipAddress: 93.196.94.54
lastlocation:
  world: LionHUB
  x: 93.51999108110613
  y: 45.0
  z: -62.30000001192093
  yaw: 4.25751
  pitch: 59.871323
logoutlocation:
  world: MainLobby
  x: -0.5335005639400162
  y: 60.0
  z: 0.4691817266242615
  yaw: -89.0
  pitch: 2.0
