lastAccountName: vladi2020
timestamps:
  login: 1502613454538
  lastteleport: 1502374470224
  logout: 1502613459091
ipAddress: 87.121.15.202
socialspy: false
lastlocation:
  world: LionHUB
  x: 93.51999108110613
  y: 45.0
  z: -62.30000001192093
  yaw: 6.883174
  pitch: 3.8589542
logoutlocation:
  world: LionHUB
  x: 93.05554036833044
  y: 45.5
  z: -62.99064720460956
  yaw: -276.41653
  pitch: -3.679493
