timestamps:
  lastteleport: 1499901634593
  login: 1499901632164
lastlocation:
  world: LionHUB
  x: 93.35
  y: 45.0
  z: -62.35
  yaw: -359.88382
  pitch: -20.032845
lastAccountName: R6Wabw4qKrKd9WDb
ipAddress: 50.63.167.44
socialspy: false
logoutlocation:
  world: LionHUB
  x: 93.5
  y: 45.0
  z: -62.5
  yaw: -359.88382
  pitch: -20.032845
