lastlocation:
  world: LionHUB
  x: 942.9847941585354
  y: 38.0
  z: -414.80756805231493
  yaw: -359.53693
  pitch: 4.701889
lastAccountName: SkyDuo
timestamps:
  login: 1507976619768
  logout: 1507976667798
ipAddress: 124.106.240.177
logoutlocation:
  world: LionHUB
  x: 924.6999999880791
  y: 36.5
  z: -411.86352141211273
  yaw: -121.45343
  pitch: 6.2075334
