timestamps:
  lastteleport: 1499844094644
  login: 1499844064232
  logout: 1499844094443
lastlocation:
  world: LionHUB
  x: 92.5988351831002
  y: 45.5
  z: -60.96016772037885
  yaw: 52.07773
  pitch: 24.618855
lastAccountName: iCxndy
ipAddress: 120.144.11.149
socialspy: false
logoutlocation:
  world: LionHUB
  x: 93.5
  y: 45.0
  z: -62.5
  yaw: -359.88382
  pitch: -20.032845
