socialspy: false
lastAccountName: CLinkzforce
timestamps:
  login: 1505380145938
  logout: 1505380154717
ipAddress: 180.248.93.168
logoutlocation:
  world: LionHUB
  x: 93.50848809898889
  y: 45.0
  z: -62.54658081977909
  yaw: 1.2886657
  pitch: -1.4110628
