lastlocation:
  world: MainLobby
  x: 40.335718890989526
  y: 59.0
  z: 0.7760068940720012
  yaw: -167.02576
  pitch: 9.792836
lastAccountName: Sponsorsz
timestamps:
  login: 1508095063403
  lastteleport: 1508095072253
  logout: 1508095117328
ipAddress: 84.84.52.216
logoutlocation:
  world: MainLobby
  x: 34.01194999273578
  y: 57.0
  z: -1.4909208732992512
  yaw: -93.33474
  pitch: 0.49013793
