lastlocation:
  world: ValleysideUniversity
  x: 319.76249998807907
  y: 5.0
  z: 131.5446099197135
  yaw: -192.90002
  pitch: 31.500015
lastAccountName: Berkan5340
timestamps:
  login: 1514816070224
  lastteleport: 1514816107517
  logout: 1514816901748
ipAddress: 95.70.134.177
money: '0.0'
logoutlocation:
  world: Sg
  x: -100.21296311778097
  y: 5.0
  z: 46.19239819914315
  yaw: 191.81679
  pitch: -69.0
