lastAccountName: PENISFICKER005
timestamps:
  login: 1502137489808
  logout: 1502137501559
ipAddress: 93.82.111.2
socialspy: false
logoutlocation:
  world: LionHUB
  x: 93.51999108110613
  y: 45.0
  z: -62.30000001192093
  yaw: -1.2632126
  pitch: 11.762165
