lastlocation:
  world: MainLobby
  x: 8.24178198210233
  y: 63.33315641891173
  z: -1.4318969755377422
  yaw: -296.8211
  pitch: 21.906385
lastAccountName: aedsaf
timestamps:
  login: 1516554505400
  lastteleport: 1514481220345
  logout: 1516554570942
ipAddress: 46.177.152.182
money: '500.0'
logoutlocation:
  world: LionHUB
  x: 943.6128585428321
  y: 38.0
  z: -414.0533993407942
  yaw: 12.322968
  pitch: 9.229891
