timestamps:
  lastteleport: 1498201410258
  login: 1498201395154
  logout: 1498201408704
lastlocation:
  world: LionHUB
  x: 30.5
  y: 67.0
  z: 15.5
  yaw: 90.11987
  pitch: -0.34908158
socialspy: false
lastAccountName: ElfPlayer
ipAddress: 82.203.190.144
logoutlocation:
  world: LionHUB
  x: 30.5
  y: 67.0
  z: 15.5
  yaw: 90.11987
  pitch: -0.34908158
