lastAccountName: JesTics
timestamps:
  login: 1506157462381
  logout: 1506157515315
ipAddress: 79.180.41.63
socialspy: false
logoutlocation:
  world: LionHUB
  x: 93.52701161325967
  y: 45.5
  z: -62.01425137570027
  yaw: 262.90424
  pitch: 50.095165
