lastAccountName: PhuHuy
timestamps:
  login: 1501478427092
  logout: 1501478431401
ipAddress: 171.233.242.94
socialspy: false
logoutlocation:
  world: LionHUB
  x: 93.50848809898889
  y: 45.0
  z: -62.54658081977909
  yaw: 1.2886657
  pitch: -1.4110628
