lastAccountName: goastiq1233214
timestamps:
  login: 1501759037338
  lastteleport: 1501759056953
  logout: 1501759278391
ipAddress: 37.239.122.242
socialspy: false
lastlocation:
  world: MainLobby
  x: 12.300000011920933
  y: 58.0
  z: -0.8714343439062354
  yaw: 82.44984
  pitch: 23.808735
logoutlocation:
  world: LionHUB
  x: 95.84231853040946
  y: 4.0
  z: -376.5650163483624
  yaw: -355.31384
  pitch: 2.5404403
