timestamps:
  lastteleport: 1499039165691
  login: 1499039137304
  logout: 1499039163988
lastlocation:
  world: LionHUB
  x: 30.503940764256072
  y: 67.0
  z: 15.02109383933174
  yaw: -179.33221
  pitch: 28.548336
socialspy: false
lastAccountName: korben_da11as
ipAddress: 47.145.209.17
logoutlocation:
  world: LionHUB
  x: 30.5
  y: 67.0
  z: 15.5
  yaw: 90.11987
  pitch: -0.34908158
