lastlocation:
  world: LionHUB
  x: 91.62179538496152
  y: 46.0
  z: -54.52526415500998
  yaw: 148.5195
  pitch: 16.646378
lastAccountName: Egholm
timestamps:
  login: 1506718269885
  lastteleport: 1506718299017
  logout: 1506718312936
ipAddress: 87.60.139.160
socialspy: false
logoutlocation:
  world: MainLobby
  x: 31.97998957865248
  y: 57.104080378093045
  z: 3.607775237233147
  yaw: -139.60007
  pitch: 9.763741
