timestamps:
  lastteleport: 1499901653447
  login: 1499901651796
lastlocation:
  world: LionHUB
  x: 93.5
  y: 45.0
  z: -62.5
  yaw: -359.88382
  pitch: -20.032845
lastAccountName: lFBKJd1Wi6D_EyM0
ipAddress: 103.10.52.83
socialspy: false
logoutlocation:
  world: LionHUB
  x: 93.5
  y: 45.0
  z: -62.5
  yaw: -359.88382
  pitch: -20.032845
