lastlocation:
  world: LionHUB
  x: 952.1286802601862
  y: 53.0
  z: -430.86598502930343
  yaw: -171.9327
  pitch: -16.37101
