lastlocation:
  world: MainLobby
  x: 35.69999998807907
  y: 57.0
  z: 1.428204853553325
  yaw: -94.855255
  pitch: 14.686356
lastAccountName: BlackMode
timestamps:
  login: 1510943362737
  lastteleport: 1510943391457
  logout: 1510943422552
ipAddress: 78.183.177.87
logoutlocation:
  world: MainLobby
  x: -0.5335005639400162
  y: 60.0
  z: 0.46918172662426155
  yaw: -89.0
  pitch: 2.0
