lastlocation:
  world: LionHUB
  x: 746.4592455243042
  y: 10.0
  z: 3608.7898504515924
  yaw: -0.10546875
  pitch: -4.859901
lastAccountName: Dwax1
timestamps:
  login: 1520969375840
  logout: 1520969379809
ipAddress: 185.189.112.83
logoutlocation:
  world: LionHUB
  x: 746.4614243228357
  y: 10.0
  z: 3611.4668131419353
  yaw: -0.10546875
  pitch: -4.859901
