lastAccountName: YouLagDude
timestamps:
  login: 1502473552057
  logout: 1502473576823
ipAddress: 31.166.72.242
socialspy: false
logoutlocation:
  world: FFA
  x: 1.0
  y: 13.0
  z: 0.0
  yaw: -71.17891
  pitch: 48.623688
