lastlocation:
  world: LionHUB
  x: 943.0195191088159
  y: 38.0
  z: -414.25812266697704
  yaw: -0.47781372
  pitch: -3.5336792
lastAccountName: Sir_Waglington
timestamps:
  login: 1516383347896
  lastteleport: 1515349076539
  logout: 1516383392439
ipAddress: 78.144.210.23
money: '500.0'
logoutlocation:
  world: LionHUB
  x: 949.1956356171013
  y: 37.5
  z: -424.234417159144
  yaw: 24.422087
  pitch: 44.466286
