timestamps:
  lastteleport: 1498770934548
  login: 1498770934446
  logout: 1498770934496
lastlocation:
  world: LionHUB
  x: 30.5
  y: 67.0
  z: 15.5
  yaw: 90.11987
  pitch: -0.34908158
socialspy: false
lastAccountName: BlackThunder2020
ipAddress: 200.1.208.166
logoutlocation:
  world: LionHUB
  x: 30.5
  y: 67.0
  z: 15.5
  yaw: 90.11987
  pitch: -0.34908158
