lastlocation:
  world: LionHUB
  x: 942.9847941585354
  y: 38.0
  z: -414.80756805231493
  yaw: -359.53693
  pitch: 4.701889
lastAccountName: kazan999
timestamps:
  login: 1508000681218
  logout: 1508000698830
ipAddress: 178.204.125.170
logoutlocation:
  world: LionHUB
  x: 942.975243721844
  y: 38.0
  z: -414.05170415784164
  yaw: 329.263
  pitch: 26.901876
