lastlocation:
  world: LionHUB
  x: 959.4824365771838
  y: 37.0
  z: -414.92339763909314
  yaw: 28.236248
  pitch: 19.843798
lastAccountName: Mee_Zoid
timestamps:
  login: 1513972911374
  lastteleport: 1513972951691
  logout: 1513973016862
ipAddress: 93.172.188.186
money: '0.0'
logoutlocation:
  world: Factions
  x: 122.50066055327659
  y: 67.5
  z: -336.97403112484403
  yaw: -190.34244
  pitch: 21.328674
