lastAccountName: Axiu
timestamps:
  login: 1506121538637
  logout: 1506121546949
  lastteleport: 1506120101337
ipAddress: 96.32.228.126
socialspy: false
logoutlocation:
  world: LionHUB
  x: 96.95749877473784
  y: 46.0
  z: -67.86140327000682
  yaw: -54.499653
  pitch: 23.044067
lastlocation:
  world: LionHUB
  x: 94.12879870691921
  y: 46.0
  z: -93.02957571805106
  yaw: -153.56885
  pitch: 8.236563
