timestamps:
  lastteleport: 1499901632467
  login: 1499901629113
  logout: 1499901630608
lastlocation:
  world: LionHUB
  x: 93.5
  y: 45.0
  z: -62.5
  yaw: -359.88382
  pitch: -20.032845
socialspy: false
lastAccountName: 3G7ntpZMOFvorpSw
ipAddress: 50.30.248.27
logoutlocation:
  world: LionHUB
  x: 93.5
  y: 45.0
  z: -62.5
  yaw: -359.88382
  pitch: -20.032845
