timestamps:
  lastteleport: 1499169732704
  login: 1499169697123
  logout: 1499169732542
lastlocation:
  world: LionHUB
  x: 93.57733398534259
  y: 45.5
  z: -61.212190777314014
  yaw: -184.81592
  pitch: 24.149965
lastAccountName: yoiamthebestgirl
ipAddress: 86.96.82.138
socialspy: false
logoutlocation:
  world: LionHUB
  x: 93.5
  y: 45.0
  z: -62.5
  yaw: -179.4159
  pitch: 90.0
