lastlocation:
  world: skywars
  x: 102.5
  y: 150.0
  z: -129.5
  yaw: -2.2522888
  pitch: -12.645975
lastAccountName: 0SABMA
timestamps:
  login: 1510461379599
  logout: 1510463303418
  lastteleport: 1510461440280
ipAddress: 177.232.90.8
logoutlocation:
  world: LionHUB
  x: 790.9686270978516
  y: 30.0
  z: -131.2913250937813
  yaw: -326.56458
  pitch: 38.395996
