lastAccountName: LowBruh
timestamps:
  login: 1502104922952
  lastteleport: 1502104979492
  logout: 1502105023910
ipAddress: 79.125.185.121
socialspy: false
lastlocation:
  world: LionHUB
  x: 92.30000001192093
  y: 47.0
  z: -46.93561423977691
  yaw: 131.33865
  pitch: 21.23894
logoutlocation:
  world: MainLobby
  x: 18.101345268676866
  y: 57.0
  z: 0.14463698830013547
  yaw: -90.2136
  pitch: 40.026375
