timestamps:
  lastteleport: 1499901710881
  login: 1499901681129
  logout: 1499901709128
lastlocation:
  world: LionHUB
  x: 93.5
  y: 45.0
  z: -62.5
  yaw: -359.88382
  pitch: -20.032845
lastAccountName: U35SXeitdZrssAe3
ipAddress: 118.173.78.101
socialspy: false
logoutlocation:
  world: LionHUB
  x: 93.5
  y: 45.0
  z: -62.5
  yaw: -359.88382
  pitch: -20.032845
