lastlocation:
  world: LionHUB
  x: 943.0195191088159
  y: 38.0
  z: -414.25812266697704
  yaw: -0.47781372
  pitch: -3.5336792
lastAccountName: Nickolite
timestamps:
  login: 1514404940021
  logout: 1514404952804
ipAddress: 24.125.166.2
logoutlocation:
  world: LionHUB
  x: 943.0195191088159
  y: 38.0
  z: -414.25812266697704
  yaw: -187.97778
  pitch: -21.383675
