lastlocation:
  world: LionHUB
  x: 942.9395244330399
  y: 38.0
  z: -414.9798036988763
  yaw: -4.153345
  pitch: 2.907533
lastAccountName: TheKing_DMB
timestamps:
  login: 1508257301292
  lastteleport: 1508257234435
  logout: 1508257314559
ipAddress: 88.19.78.230
logoutlocation:
  world: LionHUB
  x: 942.9395244330399
  y: 38.0
  z: -414.9798036988763
  yaw: 355.84665
  pitch: 2.907533
