lastlocation:
  world: MainLobby
  x: -0.5335005639400162
  y: 60.0
  z: 0.46918172662426155
  yaw: 271.0
  pitch: 2.0
lastAccountName: VoidHCF
timestamps:
  login: 1511925797294
  lastteleport: 1511925899359
ipAddress: 73.160.126.62
money: '500.0'
