lastlocation:
  world: LionHUB
  x: 942.9847941585354
  y: 38.0
  z: -414.80756805231493
  yaw: -359.53693
  pitch: 4.701889
lastAccountName: _Think
timestamps:
  login: 1508691603828
  logout: 1508691652721
ipAddress: 174.117.66.220
logoutlocation:
  world: LionHUB
  x: 947.2461066222241
  y: 36.0
  z: -435.9600815124788
  yaw: -2.9868937
  pitch: 10.251888
