lastlocation:
  world: LionHUB
  x: 746.3155343120021
  y: 2.0
  z: 3933.301038565967
  yaw: -346.61194
  pitch: 17.002764
