lastlocation:
  world: LionHUB
  x: 951.9599033933988
  y: 43.7531999805212
  z: -436.45620378678603
  yaw: -343.0032
  pitch: 23.307524
lastAccountName: cooldiamond141
timestamps:
  login: 1508739254159
  logout: 1508739332131
ipAddress: 101.165.128.231
logoutlocation:
  world: LionHUB
  x: 952.2517379044956
  y: 35.5
  z: -434.06854986007113
  yaw: 16.996796
  pitch: 23.307524
