timestamps:
  lastteleport: 1499901651954
  login: 1499901644722
  logout: 1499901650935
lastlocation:
  world: LionHUB
  x: 93.35
  y: 45.0
  z: -62.35
  yaw: -359.88382
  pitch: -20.032845
lastAccountName: AF2_8dZwX9tVpHbF
ipAddress: 50.30.249.125
socialspy: false
logoutlocation:
  world: LionHUB
  x: 93.5
  y: 45.0
  z: -62.5
  yaw: -359.88382
  pitch: -20.032845
