lastlocation:
  world: LionHUB
  x: 942.9847941585354
  y: 38.0
  z: -414.80756805231493
  yaw: 0.46307373
  pitch: 4.701889
lastAccountName: hau69
timestamps:
  login: 1511879804483
  logout: 1511879872916
ipAddress: 171.233.203.1
logoutlocation:
  world: LionHUB
  x: 936.8806462340121
  y: 37.0
  z: -414.69813397708566
  yaw: 35.004944
  pitch: -14.048981
