timestamps:
  lastteleport: 1498390361914
  login: 1498388789894
  logout: 1498390359609
lastlocation:
  world: FFA
  x: 2.0
  y: 4.0
  z: 1.0
  yaw: 14.279518
  pitch: 22.945816
lastAccountName: Mr_Savage_YT
ipAddress: 81.108.87.69
socialspy: false
logoutlocation:
  world: LionHUB
  x: 30.5
  y: 67.0
  z: 15.5
  yaw: 90.11987
  pitch: -0.34908158
