lastlocation:
  world: LionHUB
  x: 942.9847941585354
  y: 38.0
  z: -414.80756805231493
  yaw: -359.53693
  pitch: 4.701889
lastAccountName: geagegajoiu
timestamps:
  login: 1507582876946
  logout: 1507582919392
ipAddress: 191.36.169.98
socialspy: false
logoutlocation:
  world: LionHUB
  x: 950.6376395645453
  y: 38.0
  z: -406.31167913757224
  yaw: 320.44666
  pitch: -13.29247
