lastlocation:
  world: lobby_practice
  x: 2219.3013811050646
  y: 67.0
  z: -6562.502537224742
  yaw: -88.934814
  pitch: 0.0
