lastAccountName: camo142
timestamps:
  login: 1503797030786
  logout: 1503797132452
ipAddress: 75.69.136.242
socialspy: false
logoutlocation:
  world: LionHUB
  x: 93.07459219474359
  y: 39.5
  z: -144.61276324436727
  yaw: 162.50757
  pitch: 11.357238
