lastAccountName: SemmirGG
timestamps:
  login: 1505147188763
  lastteleport: 1505147202972
  logout: 1505147302786
ipAddress: 2.84.38.171
socialspy: false
lastlocation:
  world: LionHUB
  x: 92.598560202375
  y: 47.0
  z: -47.861368716859936
  yaw: -18.214924
  pitch: -25.35993
logoutlocation:
  world: MainLobby
  x: 23.460627887285117
  y: 58.0
  z: 0.4689393187183971
  yaw: -93.5061
  pitch: 24.182676
