lastAccountName: mawenxuan618
timestamps:
  login: 1502846443983
  lastteleport: 1502844634022
  logout: 1502846693299
ipAddress: 99.16.255.55
socialspy: false
lastlocation:
  world: LionHUB
  x: 93.41769226870022
  y: 46.0
  z: -59.83997383819529
  yaw: 184.49988
  pitch: 20.219389
logoutlocation:
  world: FFA
  x: 1.0
  y: 13.0
  z: 0.0
  yaw: -160.92328
  pitch: 0.5711778
