lastlocation:
  world: LionHUB
  x: 942.0
  y: 38.0
  z: -415.0
  yaw: 0.0
  pitch: 0.0
lastAccountName: Zappy_JigSaw
timestamps:
  login: 1516221687598
  lastteleport: 1516221716670
  logout: 1516224322796
ipAddress: 90.220.36.215
money: '500.0'
logoutlocation:
  world: LionHUB
  x: 942.9980884875959
  y: 37.5
  z: -413.4197561247979
  yaw: -0.47781372
  pitch: -3.5336792
