lastAccountName: XxBrokenWolfxX
timestamps:
  login: 1501548485840
  lastteleport: 1501548496314
  logout: 1501551017471
ipAddress: 99.54.48.27
socialspy: false
lastlocation:
  world: LionHUB
  x: 93.50848809898889
  y: 45.0
  z: -62.54658081977909
  yaw: -18.06672
  pitch: -45.899998
logoutlocation:
  world: MainLobby
  x: 3.502215834265854
  y: 63.0
  z: 6.887424198569846
  yaw: -96.115845
  pitch: 45.9
