timestamps:
  lastteleport: 1499901635927
  login: 1499901632592
  logout: 1499901634990
lastlocation:
  world: LionHUB
  x: 93.5
  y: 45.0
  z: -62.5
  yaw: -359.88382
  pitch: -20.032845
socialspy: false
lastAccountName: GuJd1RUmA7RwVNGD
ipAddress: 66.253.199.67
logoutlocation:
  world: LionHUB
  x: 93.5
  y: 45.0
  z: -62.5
  yaw: -359.88382
  pitch: -20.032845
