lastlocation:
  world: SkyBlock
  x: -1.9748607731391163
  y: 64.0
  z: 30.272506274195358
  yaw: 218.2411
  pitch: 24.01209
lastAccountName: Imploss
timestamps:
  login: 1518270387253
  lastteleport: 1518269008973
  logout: 1518270415079
ipAddress: 94.174.2.75
money: '500.0'
logoutlocation:
  world: LionHUB
  x: 756.8709667554386
  y: 9.0
  z: 3613.4395581364042
  yaw: 154.17557
  pitch: -13.72951
