timestamps:
  lastteleport: 1499901697891
  login: 1499901668553
  logout: 1499901696139
lastlocation:
  world: LionHUB
  x: 93.5
  y: 45.0
  z: -62.5
  yaw: -359.88382
  pitch: -20.032845
socialspy: false
lastAccountName: nlmdU8P3PMKP31Ld
ipAddress: 218.248.73.193
logoutlocation:
  world: LionHUB
  x: 93.5
  y: 45.0
  z: -62.5
  yaw: -359.88382
  pitch: -20.032845
