lastlocation:
  world: LionHUB
  x: 942.0273753609508
  y: 37.0
  z: -372.0017247496979
  yaw: -4.112436
  pitch: -7.093953
lastAccountName: JustCuzImBlack
timestamps:
  login: 1513701598782
  lastteleport: 1513701636848
  logout: 1513701647298
ipAddress: 84.213.97.107
money: '0.0'
logoutlocation:
  world: MainLobby
  x: 8.876713165022167
  y: 60.0
  z: 0.8911941693610437
  yaw: -135.15038
  pitch: 3.0488389
