lastlocation:
  world: LionHUB
  x: 942.0374736422348
  y: 40.40762680258818
  z: -464.17115740796936
  yaw: -180.14998
  pitch: -14.699992
lastAccountName: PozoGaming221
timestamps:
  login: 1512626100202
  lastteleport: 1512626111797
  logout: 1512626169521
ipAddress: 31.11.129.227
money: '0.0'
logoutlocation:
  world: Factions
  x: 122.72038708696607
  y: 70.0
  z: -318.0672891037865
  yaw: -171.77667
  pitch: 25.450539
