lastlocation:
  world: LionHUB
  x: 942.8290532573609
  y: 38.0
  z: -363.0199277339856
  yaw: -9.694456
  pitch: 8.755117
lastAccountName: zinomacs
timestamps:
  login: 1512169660926
  logout: 1512169736509
  lastteleport: 1512169692915
ipAddress: 105.98.138.235
logoutlocation:
  world: MainLobby
  x: 41.69161972310394
  y: 61.0
  z: 0.3081816281723024
  yaw: -112.29671
  pitch: 57.525986
money: '0.0'
