lastlocation:
  world: LionHUB
  x: 943.2234569168048
  y: 38.0
  z: -466.8996073968798
  yaw: -175.65015
  pitch: 11.849818
lastAccountName: HaverShehu
timestamps:
  login: 1515421005257
  lastteleport: 1515421079611
  logout: 1515421265065
ipAddress: 141.226.162.124
money: '0.0'
logoutlocation:
  world: Factions
  x: 116.82475476179279
  y: 68.0
  z: -331.4879527171698
  yaw: -113.72571
  pitch: 11.550037
