socialspy: false
lastAccountName: hacker_vuongphuc
timestamps:
  login: 1503796869925
  logout: 1503796906972
ipAddress: 183.81.51.113
logoutlocation:
  world: LionHUB
  x: 93.30136594316149
  y: 47.0
  z: -50.86820793493121
  yaw: -11.629692
  pitch: 11.348305
