lastAccountName: Your_Not_Ma_Dad
timestamps:
  login: 1502365053283
  logout: 1502365222393
ipAddress: 139.228.213.47
socialspy: false
logoutlocation:
  world: LionHUB
  x: 93.92754032164234
  y: 6.0
  z: -160.8714901257423
  yaw: -4.8611298
  pitch: 23.638943
