timestamps:
  lastteleport: 1499901688109
  login: 1499901687034
  logout: 1499901688008
lastlocation:
  world: LionHUB
  x: 93.5
  y: 45.0
  z: -62.5
  yaw: -359.88382
  pitch: -20.032845
lastAccountName: AT13gAGcikCE4Xf1
ipAddress: 122.155.204.188
socialspy: false
logoutlocation:
  world: LionHUB
  x: 93.5
  y: 45.0
  z: -62.5
  yaw: -359.88382
  pitch: -20.032845
