lastlocation:
  world: LionHUB
  x: 942.9847941585354
  y: 38.0
  z: -414.80756805231493
  yaw: -359.53693
  pitch: 4.701889
lastAccountName: why_you_no_play
timestamps:
  login: 1506985996362
  logout: 1506986090011
ipAddress: 72.143.225.168
socialspy: false
logoutlocation:
  world: LionHUB
  x: 954.1006660990714
  y: 37.5
  z: -416.94974954739683
  yaw: 67.20451
  pitch: 1.6254379
