lastlocation:
  world: LionHUB
  x: 747.2527318193474
  y: 8.0
  z: 3669.925550603661
  yaw: 3.3445272
  pitch: 23.040085
lastAccountName: __Dgaming__
timestamps:
  login: 1518278523138
  lastteleport: 1518278535872
  logout: 1518278989032
ipAddress: 83.94.22.251
money: '0.0'
logoutlocation:
  world: MainLobby
  x: 8.464676392815223
  y: 60.5
  z: -3.4087855649717387
  yaw: -96.66333
  pitch: 47.526382
