lastAccountName: iJRE7_
timestamps:
  login: 1506202008492
  lastteleport: 1506202037513
  logout: 1506202045542
ipAddress: 24.211.76.13
socialspy: false
lastlocation:
  world: LionHUB
  x: 93.36537268933898
  y: 47.0
  z: -48.512501970491954
  yaw: -0.8113342
  pitch: -14.011063
logoutlocation:
  world: MainLobby
  x: 31.56609607954283
  y: 57.0
  z: 0.47870822925870016
  yaw: -90.06354
  pitch: 2.0763545
