lastlocation:
  world: FFAnormal
  x: 1.561696520661396
  y: 14.0
  z: 5.76916638086592
  yaw: 79.876236
  pitch: 20.393866
lastAccountName: nicholasicario
timestamps:
  login: 1515182793927
  lastteleport: 1515178681682
  logout: 1515182888011
ipAddress: 86.168.204.8
money: '0.0'
logoutlocation:
  world: FFAnormal
  x: -13.813671756214514
  y: 15.0
  z: -1.5440673910386213
  yaw: -143.01804
  pitch: 4.3114195
