lastlocation:
  world: LionHUB
  x: 942.0
  y: 38.0
  z: -415.0
  yaw: 116.144424
  pitch: 0.0
lastAccountName: hahahadont
timestamps:
  login: 1512470928873
  logout: 1512470942352
ipAddress: 119.94.144.186
logoutlocation:
  world: LionHUB
  x: 942.9849393887879
  y: 37.50159999847404
  z: -412.3090194474391
  yaw: 65.37216
  pitch: 21.816322
