lastlocation:
  world: parkour
  x: 733.3833387607532
  y: 28.0
  z: 1042.2294285864136
  yaw: -8.649936
  pitch: 59.70003
lastAccountName: Ace_Monkey_2002
timestamps:
  login: 1507927505110
  lastteleport: 1507927643415
  logout: 1507928143311
ipAddress: 108.170.151.61
logoutlocation:
  world: parkour
  x: 1.8601576085201308
  y: 20.0
  z: -0.7512963114346025
  yaw: 341.99985
  pitch: 3.450001
