lastlocation:
  world: map
  x: -990.5
  y: 87.0
  z: 275.5
  yaw: -0.36170167
  pitch: -1.8668555
lastAccountName: OXIONANTOR
timestamps:
  login: 1518188627644
  lastteleport: 1518188701578
  logout: 1518188733221
ipAddress: 89.103.217.136
money: '0.0'
logoutlocation:
  world: map
  x: -965.6510140644123
  y: 13.91401145234329
  z: 292.5954532018718
  yaw: -90.095436
  pitch: -70.642586
