lastAccountName: isyraqilliyasss
timestamps:
  login: 1506096597727
  lastteleport: 1506096725206
  logout: 1506096876493
socialspy: false
ipAddress: 60.53.109.150
lastlocation:
  world: LionHUB
  x: 92.52435907092266
  y: 47.0
  z: -48.48338629682269
  yaw: -0.028022533
  pitch: 23.166529
logoutlocation:
  world: SkyBlock
  x: -38.985642757137214
  y: -22.680377466648824
  z: 1.0811365112192863
  yaw: 197.25038
  pitch: -48.450855
