lastAccountName: Catifornia
timestamps:
  login: 1505917201370
  logout: 1505917236833
ipAddress: 77.53.209.27
socialspy: false
logoutlocation:
  world: LionHUB
  x: 93.79836683356832
  y: 46.0
  z: -93.69999998807907
  yaw: 180.4617
  pitch: 6.099187
