lastlocation:
  world: LionHUB
  x: 943.0195191088159
  y: 38.0
  z: -414.25812266697704
  yaw: -0.47781372
  pitch: -3.5336792
lastAccountName: MANNATHAT
timestamps:
  login: 1513840967776
  lastteleport: 1513622085873
  logout: 1513840976213
ipAddress: 150.107.175.227
money: '500.0'
logoutlocation:
  world: LionHUB
  x: 944.9914396751636
  y: 37.0
  z: -410.452988844139
  yaw: -125.357605
  pitch: -2.0713854
