lastlocation:
  world: LionHUB
  x: 746.4844369145578
  y: 10.0
  z: 3610.5057908786316
  yaw: -13.905468
  pitch: 18.840097
lastAccountName: Tankistas41
timestamps:
  login: 1520118222401
  lastteleport: 1520118248534
  logout: 1520118448592
  kits:
    starter: 1520118253425
ipAddress: 81.97.73.61
money: '0.0'
logoutlocation:
  world: HCF
  x: 32.01465600434582
  y: 67.0
  z: 215.39779683441608
  yaw: 104.41397
  pitch: 26.999992
