lastAccountName: qazxscdecde
timestamps:
  login: 1504202651602
  logout: 1504202743793
ipAddress: 212.126.113.138
socialspy: false
logoutlocation:
  world: LionHUB
  x: 94.15083302726158
  y: 4.0
  z: -306.81768616742255
  yaw: 359.33893
  pitch: 23.639
