lastlocation:
  world: LionHUB
  x: 891.0521113974553
  y: 39.170787077218804
  z: -415.23813508861394
  yaw: 87.134476
  pitch: 7.7829075
lastAccountName: LukeLucasS
timestamps:
  login: 1514656404031
  lastteleport: 1514656430919
  logout: 1514656430818
ipAddress: 173.79.139.174
money: '0.0'
logoutlocation:
  world: SkyBlock
  x: 0.5
  y: 65.0
  z: 0.5
  yaw: -0.5006714
  pitch: 1.4008675
