lastlocation:
  world: LionHUB
  x: 948.0967349171285
  y: 37.0
  z: -411.45639153427624
  yaw: -333.1145
  pitch: 2.1316147
lastAccountName: WarPiece
timestamps:
  login: 1506890138117
  lastteleport: 1506890189080
  logout: 1506890196887
ipAddress: 98.212.72.60
socialspy: false
logoutlocation:
  world: MainLobby
  x: 25.231051340153194
  y: 58.0
  z: 0.6220289651100757
  yaw: -89.29669
  pitch: 3.460085
