timestamps:
  lastteleport: 1499901730020
  login: 1499901700146
  logout: 1499901729415
lastlocation:
  world: LionHUB
  x: 93.5
  y: 45.0
  z: -62.5
  yaw: -359.88382
  pitch: -20.032845
lastAccountName: r7JGjcmaCHX8VNae
ipAddress: 103.10.52.83
socialspy: false
logoutlocation:
  world: LionHUB
  x: 93.5
  y: 45.0
  z: -62.5
  yaw: -359.88382
  pitch: -20.032845
