lastlocation:
  world: LionHUB
  x: 93.51999108110613
  y: 45.0
  z: -62.30000001192093
  yaw: 358.7368
  pitch: 11.762165
lastAccountName: BowWarrior
timestamps:
  login: 1506647855618
  logout: 1506647873041
ipAddress: 24.66.56.210
socialspy: false
logoutlocation:
  world: LionHUB
  x: 93.32953827860615
  y: 46.0
  z: -53.939137007539024
  yaw: -57.81135
  pitch: 5.9389377
