lastlocation:
  world: LionHUB
  x: 942.9105580329198
  y: 37.0
  z: -374.05524302778286
  yaw: 169.9221
  pitch: -4.283686
lastAccountName: DORTORS
timestamps:
  login: 1514162979881
  logout: 1514163049717
  lastteleport: 1514163012592
ipAddress: 99.226.222.111
logoutlocation:
  world: FFA
  x: 25.547681209774396
  y: 28.0
  z: -713.3849667706978
  yaw: -180.00304
  pitch: 28.900286
money: '0.0'
