timestamps:
  lastteleport: 1499901751443
  login: 1499901721704
  logout: 1499901749431
lastlocation:
  world: LionHUB
  x: 93.5
  y: 45.0
  z: -62.5
  yaw: -359.88382
  pitch: -20.032845
socialspy: false
lastAccountName: flHcPT5nJlS8COm_
ipAddress: 188.120.244.147
logoutlocation:
  world: LionHUB
  x: 93.5
  y: 45.0
  z: -62.5
  yaw: -359.88382
  pitch: -20.032845
