lastlocation:
  world: LionHUB
  x: 943.0228411785237
  y: 37.5
  z: -412.8353761002895
  yaw: 45.545452
  pitch: 4.2748957
lastAccountName: SpizyCat
timestamps:
  login: 1512203196764
  lastteleport: 1512203208837
  logout: 1512203220482
ipAddress: 213.67.149.44
logoutlocation:
  world: Factions
  x: 122.50586292566732
  y: 70.0625
  z: -314.8584154113677
  yaw: -180.0732
  pitch: 1.2920979
money: '0.0'
