lastlocation:
  world: LionHUB
  x: 942.9847941585354
  y: 38.0
  z: -414.80756805231493
  yaw: -359.53693
  pitch: 4.701889
lastAccountName: YTExper
timestamps:
  login: 1510326276781
  logout: 1510326343350
ipAddress: 91.187.113.74
logoutlocation:
  world: LionHUB
  x: 949.6766690977846
  y: 37.5
  z: -423.83125023516294
  yaw: 274.21283
  pitch: 13.101887
