lastlocation:
  world: LionHUB
  x: 943.1683820181436
  y: 38.0
  z: -466.93500270194244
  yaw: 177.46686
  pitch: -3.872596
lastAccountName: Partnered
timestamps:
  login: 1512479694371
  lastteleport: 1512479717140
  logout: 1512479728075
ipAddress: 109.67.138.21
money: '0.0'
logoutlocation:
  world: Factions
  x: 122.04620927071466
  y: 70.0
  z: -316.89879133716335
  yaw: 3.3874817
  pitch: 27.460468
