lastlocation:
  world: LionHUB
  x: 943.0195191088159
  y: 38.0
  z: -414.25812266697704
  yaw: 122.372185
  pitch: 12.966321
lastAccountName: slogomanify
timestamps:
  login: 1510885566316
  logout: 1510885686965
ipAddress: 139.228.175.34
logoutlocation:
  world: LionHUB
  x: 943.016132636042
  y: 38.0
  z: -414.99561653044464
  yaw: 88.92222
  pitch: 1.8663285
