lastlocation:
  world: SkyBlock
  x: 0.5
  y: 65.0
  z: 0.5
  yaw: 5.3493285
  pitch: 27.50085
lastAccountName: folpyfish
timestamps:
  login: 1508885789802
  lastteleport: 1508885800692
  logout: 1508885823341
ipAddress: 24.241.20.86
logoutlocation:
  world: ASkyBlock
  x: 800.7164473021247
  y: 120.0
  z: 602.2375000119209
  yaw: -110.10019
  pitch: 47.09997
