timestamps:
  lastteleport: 1499841843507
  login: 1499841833259
  logout: 1499841843505
lastlocation:
  world: LionHUB
  x: 93.5
  y: 45.0
  z: -62.5
  yaw: -135.634
  pitch: 31.267155
socialspy: false
lastAccountName: RedBoyz
ipAddress: 36.74.246.41
logoutlocation:
  world: LionHUB
  x: 93.5
  y: 45.0
  z: -62.5
  yaw: -359.88382
  pitch: -20.032845
