lastlocation:
  world: LionHUB
  x: 943.5653216227789
  y: 39.088477469609366
  z: -363.1075562045642
  yaw: 357.60678
  pitch: -4.6993036
lastAccountName: Processers
timestamps:
  login: 1512215760856
  lastteleport: 1512215792741
  logout: 1512215799227
ipAddress: 116.240.212.98
money: '0.0'
logoutlocation:
  world: MainLobby
  x: 9.289290804506328
  y: 60.0
  z: 0.5027162765236426
  yaw: -89.95705
  pitch: 4.0538626
