lastlocation:
  world: map
  x: -990.5
  y: 87.0
  z: 275.5
  yaw: -0.36170167
  pitch: -1.8668555
lastAccountName: TibJib7
timestamps:
  login: 1518862048612
  lastteleport: 1518862087037
  logout: 1518862159594
ipAddress: 73.93.34.77
money: '0.0'
logoutlocation:
  world: map
  x: -976.5794941951441
  y: 13.0
  z: 277.72617290493326
  yaw: 287.88516
  pitch: -7.0012326
