timestamps:
  lastteleport: 1499901640308
  login: 1499901636814
lastlocation:
  world: LionHUB
  x: 93.5
  y: 45.0
  z: -62.5
  yaw: -359.88382
  pitch: -20.032845
socialspy: false
lastAccountName: METYa4Cy0IdUjj6Y
ipAddress: 76.8.203.44
logoutlocation:
  world: LionHUB
  x: 93.5
  y: 45.0
  z: -62.5
  yaw: -359.88382
  pitch: -20.032845
