timestamps:
  lastteleport: 1499901707991
  login: 1499901678426
  logout: 1499901706560
lastlocation:
  world: LionHUB
  x: 93.5
  y: 45.0
  z: -62.5
  yaw: -359.88382
  pitch: -20.032845
socialspy: false
lastAccountName: QSTjcDLR4c7G4IzV
ipAddress: 88.248.205.219
logoutlocation:
  world: LionHUB
  x: 93.5
  y: 45.0
  z: -62.5
  yaw: -359.88382
  pitch: -20.032845
