lastAccountName: Layte
timestamps:
  login: 1507427852779
  lastteleport: 1507426720423
  logout: 1507427972745
ipAddress: 173.25.37.14
socialspy: false
nickname: Layte
lastlocation:
  world: MainLobby
  x: 50.448270300142795
  y: 93.0
  z: -0.756380297631929
  yaw: 1.2154541
  pitch: 33.88045
logoutlocation:
  world: LionHUB
  x: 943.0644037800563
  y: 38.0
  z: -414.69615849648756
  yaw: 358.24664
  pitch: 1.7075297
