lastlocation:
  world: LionHUB
  x: 900.2908182208529
  y: 37.0
  z: -392.1796642982621
  yaw: 146.8847
  pitch: 90.0
lastAccountName: ExCaliBurzst
timestamps:
  login: 1508038963446
  lastteleport: 1508039643925
  logout: 1508039699275
ipAddress: 112.198.75.253
logoutlocation:
  world: SkyBlock
  x: 8.950226254084331
  y: 64.0
  z: 51.521650918594844
  yaw: -112.25721
  pitch: 19.431332
