lastlocation:
  world: LionHUB
  x: 746.1327978558921
  y: 8.495200877005914
  z: 3547.25631895329
  yaw: -175.87762
  pitch: 41.50343
lastAccountName: Minedude_
timestamps:
  login: 1520657412416
  lastteleport: 1520657449552
  kits:
    starter: 1520657450473
  logout: 1520657552199
ipAddress: 70.185.240.106
money: '0.0'
logoutlocation:
  world: HCF
  x: 7.782977089148494
  y: 84.43717636799826
  z: -26.11389678780538
  yaw: 288.28912
  pitch: 28.23386
