lastlocation:
  world: lobby_practice
  x: 2219.3045850015583
  y: 67.0
  z: -6562.499333822026
  yaw: -88.934814
  pitch: 0.0
