lastlocation:
  world: skywars
  x: 102.5
  y: 150.0
  z: -129.5
  yaw: -2.2522888
  pitch: -12.645975
lastAccountName: SwiffyXD
timestamps:
  login: 1516127128274
  logout: 1516127189829
ipAddress: 106.68.142.25
money: '500.0'
logoutlocation:
  world: LionHUB
  x: 943.22174766343
  y: 37.0
  z: -404.83492628509913
  yaw: 148.49988
  pitch: 5.3999953
