lastlocation:
  world: LionHUB
  x: 746.4592455243042
  y: 10.0
  z: 3608.7898504515924
  yaw: -0.10546875
  pitch: -4.859901
lastAccountName: lucapablo12
timestamps:
  login: 1518954868802
  logout: 1518955057514
ipAddress: 46.223.129.58
logoutlocation:
  world: LionHUB
  x: 746.8632468255859
  y: 10.0
  z: 3609.17535768146
  yaw: 257.8949
  pitch: 7.8900723
