lastAccountName: Melleee_
timestamps:
  login: 1504632209209
  lastteleport: 1504632257702
  logout: 1504633228801
ipAddress: 90.231.227.109
socialspy: false
lastlocation:
  world: Sg
  x: -93.16345991744164
  y: 5.0155550727022
  z: 61.38359148151659
  yaw: 108.240204
  pitch: 6.126647
logoutlocation:
  world: Sg
  x: -98.90954235802187
  y: 5.0
  z: 52.35835858898973
  yaw: 133.8436
  pitch: 14.818899
