lastAccountName: Sparklez_World
socialspy: false
timestamps:
  login: 1506718063477
  lastteleport: 1505170768847
  logout: 1506718801638
ipAddress: 71.10.71.74
lastlocation:
  world: skywars
  x: 102.48002388726434
  y: 150.0
  z: -130.25231733763118
  yaw: -2.2522888
  pitch: -12.645975
logoutlocation:
  world: LionHUB
  x: 94.69999998807907
  y: 47.0
  z: -47.66106308665151
  yaw: -56.463287
  pitch: 2.6121635
