lastlocation:
  world: lobby_practice
  x: 583.7071870712912
  y: 4.0
  z: -617.5661278878271
  yaw: 25.849901
  pitch: 1.9499904
lastAccountName: MaqIc_
timestamps:
  login: 1517582075242
  lastteleport: 1517582220839
  logout: 1517582341021
ipAddress: 83.94.17.96
money: '0.0'
logoutlocation:
  world: lobby_practice
  x: 583.7071870712912
  y: 4.0
  z: -617.5661278878271
  yaw: 64.3999
  pitch: 7.0499907
