lastlocation:
  world: LionHUB
  x: 945.4817655271415
  y: 37.5
  z: -399.06205393734183
  yaw: 341.70917
  pitch: -6.448787
lastAccountName: MedinioDraugas
timestamps:
  login: 1507138706410
  lastteleport: 1507137362178
  logout: 1507138708160
ipAddress: 85.232.150.71
socialspy: false
logoutlocation:
  world: LionHUB
  x: 943.0803342622427
  y: 38.0
  z: -414.06975486365604
  yaw: 357.29037
  pitch: 1.4262769
