lastlocation:
  world: Factions
  x: 190.26521404817152
  y: 63.0
  z: -492.5405979540511
  yaw: 11.291792
  pitch: 8.176113
