lastlocation:
  world: LionHUB
  x: 943.0195191088159
  y: 38.0
  z: -414.25812266697704
  yaw: -0.47781372
  pitch: -3.5336792
lastAccountName: kalamunda
timestamps:
  login: 1510511983518
  lastteleport: 1510440344688
  logout: 1510511987933
ipAddress: 99.16.255.55
socialspy: false
logoutlocation:
  world: LionHUB
  x: 943.0195191088159
  y: 38.0
  z: -414.25812266697704
  yaw: -0.47781372
  pitch: -3.5336792
