lastlocation:
  world: MainLobby
  x: 5.300000011920925
  y: 59.5
  z: -1.0685589268224427
  yaw: -267.4992
  pitch: 6.6138687
lastAccountName: TheNoobyoyo
timestamps:
  login: 1520729348811
  lastteleport: 1520474610611
  logout: 1520729367764
ipAddress: 68.252.20.247
money: '500.0'
logoutlocation:
  world: LionHUB
  x: 745.6484988568676
  y: 10.0
  z: 3612.198306965347
  yaw: -195.3514
  pitch: 9.033956
