lastlocation:
  world: LionHUB
  x: 1395.5123629569205
  y: 7.0
  z: -386.3371294416038
  yaw: 316.7256
  pitch: -0.8999673
