lastlocation:
  world: FFA
  x: 25.672986946766624
  y: 28.0
  z: -713.7189754577754
  yaw: -185.10297
  pitch: 21.55026
lastAccountName: Rayad
timestamps:
  login: 1509141113656
  lastteleport: 1509141120736
  logout: 1509141203449
ipAddress: 73.166.165.221
logoutlocation:
  world: LionHUB
  x: 1375.6916952487734
  y: 37.5
  z: -359.82075667171085
  yaw: -15.252687
  pitch: 4.8575697
