socialspy: false
lastAccountName: DarkWolf2005
timestamps:
  login: 1504796548475
  lastteleport: 1504796571619
  logout: 1504797230026
ipAddress: 89.135.88.1
lastlocation:
  world: LionHUB
  x: 92.92317648392073
  y: 48.0
  z: -46.30000001192093
  yaw: -191.01135
  pitch: 53.938953
logoutlocation:
  world: MainLobby
  x: 3.300000011920929
  y: 63.0
  z: 6.285533856705735
  yaw: 0.99999607
  pitch: 53.400036
