timestamps:
  lastteleport: 1500893674567
  login: 1500893271693
  logout: 1500893672262
lastlocation:
  world: MainLobby
  x: 1.6342262625651647
  y: 61.0
  z: -3.6999999880790773
  yaw: 252.25009
  pitch: 21.400091
lastAccountName: HiImLucas
ipAddress: 71.93.49.53
socialspy: false
logoutlocation:
  world: LionHUB
  x: 49.0
  y: 4.0
  z: -92.0
  yaw: -359.88382
  pitch: -20.032845
