lastlocation:
  world: map
  x: -992.3664818132262
  y: 88.0
  z: 279.5142165199
  yaw: -137.26886
  pitch: -2.9020662
lastAccountName: Deniz_57
timestamps:
  login: 1518158715094
  lastteleport: 1518158975691
  logout: 1518159033121
ipAddress: 47.183.243.220
money: '500.0'
logoutlocation:
  world: LionHUB
  x: 786.6332270405144
  y: 6.0
  z: 3608.5071183328123
  yaw: -241.66335
  pitch: 11.179629
