lastlocation:
  world: LionHUB
  x: 942.9395244330399
  y: 38.0
  z: -414.9798036988763
  yaw: -4.794685
  pitch: 6.8268313
lastAccountName: ImMustardYT
timestamps:
  login: 1509108668260
  lastteleport: 1508055358886
  logout: 1509108675869
ipAddress: 76.16.247.28
logoutlocation:
  world: LionHUB
  x: 1378.1278227521846
  y: 38.0
  z: -403.7407390203668
  yaw: -2.566864
  pitch: 8.645765
