lastlocation:
  world: LionHUB
  x: 746.4592455243042
  y: 10.0
  z: 3608.7898504515924
  yaw: -0.10546875
  pitch: -4.859901
lastAccountName: TrotetuisGamer91
timestamps:
  login: 1520734335475
  logout: 1520734509560
ipAddress: 187.140.84.86
logoutlocation:
  world: LionHUB
  x: 736.5000198616293
  y: 7.419999986886978
  z: 3600.3845502000763
  yaw: -0.10546875
  pitch: -4.859901
