timestamps:
  lastteleport: 1500899472557
  login: 1500899450720
  logout: 1500899471454
lastlocation:
  world: LionHUB
  x: 92.82699830413645
  y: 46.0
  z: -60.564791530162815
  yaw: -189.96436
  pitch: 19.693665
lastAccountName: ThePauseYT
ipAddress: 94.66.58.251
socialspy: false
logoutlocation:
  world: LionHUB
  x: 93.5
  y: 45.0
  z: -62.5
  yaw: -359.88382
  pitch: -20.032845
