lastlocation:
  world: LionHUB
  x: 942.9847941585354
  y: 38.0
  z: -414.80756805231493
  yaw: 4.239197
  pitch: 28.197983
lastAccountName: xDProeaY
timestamps:
  login: 1508681463578
  logout: 1508681466258
ipAddress: 85.99.201.108
logoutlocation:
  world: LionHUB
  x: 942.9395244330399
  y: 38.0
  z: -414.9798036988763
  yaw: 354.79773
  pitch: 3.536893
