lastAccountName: MartyMeloon
timestamps:
  login: 1505810316182
  logout: 1505810360509
ipAddress: 212.237.121.251
socialspy: false
logoutlocation:
  world: LionHUB
  x: 95.10000439733955
  y: 47.0
  z: -64.86428872838631
  yaw: -64.32066
  pitch: 6.536259
