lastlocation:
  world: LionHUB
  x: 942.0
  y: 38.0
  z: -415.0
  yaw: 1.3499999
  pitch: -2.25
lastAccountName: Sent_To_The_Suns
timestamps:
  login: 1513404514165
  logout: 1513404514754
ipAddress: 50.80.84.211
logoutlocation:
  world: LionHUB
  x: 942.0
  y: 38.0
  z: -415.0
  yaw: 1.3499999
  pitch: -2.25
