timestamps:
  lastteleport: 1499901728117
  login: 1499901698315
  logout: 1499901726914
lastlocation:
  world: LionHUB
  x: 93.5
  y: 45.0
  z: -62.5
  yaw: -359.88382
  pitch: -20.032845
lastAccountName: Jmk9XFlaNSSQqpFh
ipAddress: 36.82.109.152
socialspy: false
logoutlocation:
  world: LionHUB
  x: 93.5
  y: 45.0
  z: -62.5
  yaw: -359.88382
  pitch: -20.032845
