timestamps:
  lastteleport: 1499901648129
  login: 1499901647057
lastlocation:
  world: LionHUB
  x: 93.5
  y: 45.0
  z: -62.5
  yaw: -359.88382
  pitch: -20.032845
socialspy: false
lastAccountName: KgP4qyeIFYts6Qlx
ipAddress: 152.252.39.180
logoutlocation:
  world: LionHUB
  x: 93.5
  y: 45.0
  z: -62.5
  yaw: -359.88382
  pitch: -20.032845
