lastlocation:
  world: LionHUB
  x: 943.0195191088159
  y: 38.0
  z: -414.25812266697704
  yaw: -11.246048
  pitch: -6.037921
lastAccountName: CustomPinkk
timestamps:
  login: 1512517272235
  lastteleport: 1512517286451
  logout: 1512517394190
ipAddress: 23.125.18.150
logoutlocation:
  world: Factions
  x: 136.27061554183234
  y: 64.0625
  z: -320.71679870784055
  yaw: 35.26702
  pitch: 40.935345
nickname: ButterFly_PvP
money: '0.0'
