lastlocation:
  world: SkyBlock
  x: 0.608531779819597
  y: 65.0
  z: 0.61430467977992
  yaw: 2.8719893
  pitch: 52.461395
lastAccountName: qhqs
timestamps:
  login: 1508237626681
  lastteleport: 1508237744278
  logout: 1508237979224
ipAddress: 83.134.224.195
logoutlocation:
  world: SkyBlock
  x: 0.7115647709322166
  y: 65.0
  z: 1.1093143487600794
  yaw: -359.80896
  pitch: 12.773777
