lastlocation:
  world: LionHUB
  x: 942.9847941585354
  y: 38.0
  z: -414.80756805231493
  yaw: -359.53693
  pitch: 4.701889
lastAccountName: MrPig27
timestamps:
  login: 1510621879554
  logout: 1510621927706
ipAddress: 74.83.248.173
logoutlocation:
  world: LionHUB
  x: 942.5723173630297
  y: 37.0
  z: -378.46358878204353
  yaw: 27.076536
  pitch: -17.450356
