socialspy: false
lastAccountName: HASANFAOUR87
timestamps:
  login: 1502286581050
  logout: 1502286649478
ipAddress: 37.38.27.238
logoutlocation:
  world: LionHUB
  x: 100.48002116339607
  y: 5.0
  z: -60.81655076906752
  yaw: -357.21112
  pitch: 15.538949
