lastlocation:
  world: LionHUB
  x: 942.0
  y: 38.0
  z: -415.0
  yaw: 0.0
  pitch: 0.0
lastAccountName: LinkGamerz_G
timestamps:
  login: 1512375665677
  logout: 1512375727607
ipAddress: 180.248.36.226
logoutlocation:
  world: LionHUB
  x: 943.0195191088159
  y: 38.0
  z: -414.25812266697704
  yaw: 0.0
  pitch: 0.0
