timestamps:
  lastteleport: 1499901720513
  login: 1499901698094
  logout: 1499901719195
lastlocation:
  world: LionHUB
  x: 93.35
  y: 45.0
  z: -62.35
  yaw: -359.88382
  pitch: -20.032845
socialspy: false
lastAccountName: uDbGfGOf7ivXABAX
ipAddress: 164.132.199.54
logoutlocation:
  world: LionHUB
  x: 93.5
  y: 45.0
  z: -62.5
  yaw: -359.88382
  pitch: -20.032845
