lastlocation:
  world: LionHUB
  x: 967.8327372181875
  y: 35.0
  z: -415.36861899327147
  yaw: 98.62167
  pitch: 15.715525
lastAccountName: Oxogyn
timestamps:
  login: 1517021437115
  logout: 1517021521461
ipAddress: 104.230.4.23
logoutlocation:
  world: LionHUB
  x: 967.8327372181875
  y: 35.0
  z: -415.36861899327147
  yaw: 98.475555
  pitch: 15.569409
