timestamps:
  lastteleport: 1499901715740
  login: 1499901687035
  logout: 1499901714128
lastlocation:
  world: LionHUB
  x: 93.5
  y: 45.0
  z: -62.5
  yaw: -359.88382
  pitch: -20.032845
lastAccountName: ibCFiAfnfoD_6R1P
ipAddress: 190.141.197.218
socialspy: false
logoutlocation:
  world: LionHUB
  x: 93.5
  y: 45.0
  z: -62.5
  yaw: -359.88382
  pitch: -20.032845
