lastAccountName: ExoTechMC
timestamps:
  login: 1505780959671
  logout: 1505782612202
  lastteleport: 1505782384192
ipAddress: 207.98.192.11
socialspy: false
logoutlocation:
  world: FFA
  x: 13.0
  y: 11.0
  z: -149.0
  yaw: -183.81934
  pitch: 13.199968
lastlocation:
  world: FFA
  x: 71.40227151717713
  y: 4.0
  z: -7.901564083918149
  yaw: -279.21094
  pitch: -4.8000636
