lastAccountName: _MegaZAVR_
timestamps:
  login: 1504234253831
  lastteleport: 1504234262891
  logout: 1504234339996
ipAddress: 203.106.156.165
socialspy: false
lastlocation:
  world: LionHUB
  x: 93.78843567951117
  y: 49.0
  z: -45.30000001192093
  yaw: 358.43677
  pitch: 89.16215
logoutlocation:
  world: MainLobby
  x: 15.103976101946513
  y: -61.35537376943315
  z: -27.59822263772056
  yaw: -39.963585
  pitch: -58.07365
