timestamps:
  lastteleport: 1499901674753
  login: 1499901672662
lastlocation:
  world: LionHUB
  x: 49.23790120048649
  y: 4.0
  z: -91.5082848756997
  yaw: 92.28638
  pitch: 74.49833
lastAccountName: zmBl6jZEAELR5eYE
socialspy: false
ipAddress: 143.0.64.40
logoutlocation:
  world: LionHUB
  x: 93.5
  y: 45.0
  z: -62.5
  yaw: -359.88382
  pitch: -20.032845
