lastlocation:
  world: LionHUB
  x: 943.0262074992087
  y: 38.0
  z: -414.00876082480903
  yaw: -1.9565899
  pitch: 35.65578
lastAccountName: tutospvc
timestamps:
  login: 1516224292201
  logout: 1516224400922
ipAddress: 189.51.98.146
logoutlocation:
  world: LionHUB
  x: 943.0195191088159
  y: 38.0
  z: -414.25812266697704
  yaw: -0.47781372
  pitch: -3.5336792
