lastlocation:
  world: LionHUB
  x: 741.5960013365501
  y: 110.12953988401732
  z: 3545.928878955153
  yaw: -2.0044868
  pitch: -25.14474
lastAccountName: knuckules
timestamps:
  login: 1517740706694
  logout: 1517740725451
  lastteleport: 1517511227773
ipAddress: 212.3.195.99
logoutlocation:
  world: LionHUB
  x: 746.0675603955292
  y: 10.0
  z: 3614.670117534545
  yaw: 3.5507948
  pitch: 14.771561
money: '500.0'
