lastlocation:
  world: LionHUB
  x: 942.9847941585354
  y: 38.0
  z: -414.80756805231493
  yaw: -359.53693
  pitch: 4.701889
lastAccountName: Darkx14HUN
timestamps:
  login: 1511889843096
  logout: 1511889892201
ipAddress: 178.48.102.230
logoutlocation:
  world: LionHUB
  x: 938.3795215675863
  y: 37.0
  z: -403.9534606073361
  yaw: -235.5161
  pitch: 6.1514506
