lastlocation:
  world: SkyBlock
  x: 0.0
  y: 65.0
  z: 0.0
  yaw: 0.0
  pitch: 0.0
lastAccountName: Nandoooo
timestamps:
  login: 1512512274143
  lastteleport: 1512512360769
  logout: 1512512591920
ipAddress: 81.110.29.51
money: '0.0'
logoutlocation:
  world: SkyBlock
  x: 0.7115647709322166
  y: 65.0
  z: 1.1093143487600794
  yaw: -359.71194
  pitch: 12.773777
