socialspy: false
lastAccountName: CHIC4G3MER_YT
timestamps:
  login: 1504383033324
  logout: 1504383095376
ipAddress: 81.193.86.47
logoutlocation:
  world: FFA
  x: 13.0
  y: 11.0
  z: -149.0
  yaw: 35.577118
  pitch: 7.0757694
