socialspy: false
lastAccountName: Warrior_Linker
timestamps:
  login: 1501998461306
  logout: 1501998524495
ipAddress: 98.5.119.162
logoutlocation:
  world: LionHUB
  x: 93.57218791793572
  y: 45.0
  z: -62.06629526440199
  yaw: 5.269983
  pitch: 5.2090473
