lastlocation:
  world: MainLobby
  x: 16.05396382460384
  y: 57.0
  z: -1.530366576739449
  yaw: -280.5759
  pitch: -88.54487
lastAccountName: TSENAPAS
timestamps:
  login: 1514530129848
  lastteleport: 1514530156271
  logout: 1514530959239
ipAddress: 79.166.119.250
money: '0.0'
logoutlocation:
  world: MainLobby
  x: 21.08374297955057
  y: 58.0
  z: 0.12522926150018845
  yaw: -98.54581
  pitch: 13.505571
