timestamps:
  lastteleport: 1499901675408
  login: 1499901674590
lastlocation:
  world: LionHUB
  x: 49.23790120048649
  y: 4.0
  z: -91.5082848756997
  yaw: 92.28638
  pitch: 74.49833
lastAccountName: R9JNNq6sdNOShO_0
ipAddress: 121.42.224.171
socialspy: false
logoutlocation:
  world: LionHUB
  x: 49.23790120048649
  y: 4.0
  z: -91.5082848756997
  yaw: 92.28638
  pitch: 74.49833
