lastlocation:
  world: LionHUB
  x: 943.0195191088159
  y: 38.0
  z: -414.25812266697704
  yaw: -0.4778137
  pitch: -3.0836792
lastAccountName: Trainboat555
timestamps:
  login: 1515977336106
  lastteleport: 1515977403139
  logout: 1515977424122
ipAddress: 74.199.81.80
money: '0.0'
logoutlocation:
  world: SkyBlock
  x: 2.295797829060829
  y: 65.0
  z: 0.2771736558728158
  yaw: -32.900677
  pitch: 8.300869
