lastlocation:
  world: LionHUB
  x: 942.9847941585354
  y: 38.0
  z: -414.80756805231493
  yaw: -359.53693
  pitch: 4.701889
lastAccountName: jayily
timestamps:
  login: 1508203259119
  logout: 1508203947753
ipAddress: 73.178.151.199
logoutlocation:
  world: LionHUB
  x: 943.5410227751515
  y: 37.0
  z: -379.63432414764156
  yaw: 219.18604
  pitch: 25.353981
