lastlocation:
  world: LionHUB
  x: 942.9847941585354
  y: 38.0
  z: -414.80756805231493
  yaw: -359.53693
  pitch: 4.701889
lastAccountName: tivtivy12
timestamps:
  login: 1510846241332
  logout: 1510846375575
ipAddress: 91.137.180.139
logoutlocation:
  world: LionHUB
  x: 948.9125768913764
  y: 37.0
  z: -412.2940396987346
  yaw: -176.42773
  pitch: 8.766343
