lastAccountName: Shadow17PLAY
timestamps:
  login: 1501549995659
  lastteleport: 1501549998678
  logout: 1501550631920
ipAddress: 24.129.6.231
socialspy: false
lastlocation:
  world: LionHUB
  x: 93.53578876492975
  y: 45.0
  z: -61.30000001192093
  yaw: 358.4869
  pitch: 11.762165
logoutlocation:
  world: MainLobby
  x: 3.49324750831431
  y: 63.24918707874468
  z: -4.86828475487693
  yaw: 201.97974
  pitch: 37.032246
