socialspy: false
lastAccountName: AchamGexha
timestamps:
  login: 1504816340636
  logout: 1504816370027
  lastteleport: 1504816364853
ipAddress: 84.133.251.231
logoutlocation:
  world: Sg
  x: -97.41524205055194
  y: 5.0
  z: 50.93212786148738
  yaw: -18.062588
  pitch: 6.914818
lastlocation:
  world: LionHUB
  x: 93.55002675666765
  y: 46.0
  z: -54.095962455669614
  yaw: -1.2632126
  pitch: 11.762165
