timestamps:
  lastteleport: 1498130465070
  login: 1502364548458
  logout: 1502364551661
lastlocation:
  world: MainLobby
  x: 2.495312947599056
  y: 60.0
  z: -0.6514035501385237
  yaw: -185.34511
  pitch: 66.74034
socialspy: false
lastAccountName: wanoskyy1337
ipAddress: 94.254.174.3
logoutlocation:
  world: LionHUB
  x: 93.48772750874927
  y: 45.0
  z: -62.05272426349117
  yaw: 9.790514
  pitch: -40.520386
