lastlocation:
  world: LionHUB
  x: 942.0
  y: 38.0
  z: -415.0
  yaw: 0.0
  pitch: 0.0
lastAccountName: Kuracboy
timestamps:
  login: 1515249379191
  logout: 1515249415343
ipAddress: 62.47.23.8
logoutlocation:
  world: LionHUB
  x: 944.949003233278
  y: 37.5
  z: -412.31650579344205
  yaw: 176.37231
  pitch: 24.066324
