timestamps:
  lastteleport: 1499901745582
  login: 1499901715731
  logout: 1499901744430
lastlocation:
  world: LionHUB
  x: 93.5
  y: 45.0
  z: -62.5
  yaw: -359.88382
  pitch: -20.032845
lastAccountName: eTIxPaONB6mLW33D
ipAddress: 97.74.230.213
socialspy: false
logoutlocation:
  world: LionHUB
  x: 93.5
  y: 45.0
  z: -62.5
  yaw: -359.88382
  pitch: -20.032845
