timestamps:
  lastteleport: 1499901674605
  login: 1499901667659
  logout: 1499901671077
lastlocation:
  world: LionHUB
  x: 93.35
  y: 45.0
  z: -62.35
  yaw: -359.88382
  pitch: -20.032845
socialspy: false
lastAccountName: xSwHTf5NAxjmAhmx
ipAddress: 74.208.164.201
logoutlocation:
  world: LionHUB
  x: 93.5
  y: 45.0
  z: -62.5
  yaw: -359.88382
  pitch: -20.032845
