timestamps:
  lastteleport: 1499901724512
  login: 1499901724255
  logout: 1499901724405
lastlocation:
  world: LionHUB
  x: 93.5
  y: 45.0
  z: -62.5
  yaw: -359.88382
  pitch: -20.032845
lastAccountName: QrNkFBPqFeHHNtfn
socialspy: false
ipAddress: 103.10.52.83
logoutlocation:
  world: LionHUB
  x: 93.5
  y: 45.0
  z: -62.5
  yaw: -359.88382
  pitch: -20.032845
