lastlocation:
  world: LionHUB
  x: 943.0195191088159
  y: 38.0
  z: -414.25812266697704
  yaw: 19.772186
  pitch: -6.0836754
lastAccountName: milocool321
timestamps:
  login: 1516223664073
  lastteleport: 1516049960558
  logout: 1516223668386
ipAddress: 74.137.95.39
money: '500.0'
logoutlocation:
  world: LionHUB
  x: 943.0195191088159
  y: 38.0
  z: -414.25812266697704
  yaw: -0.6278137
  pitch: -5.033679
