lastlocation:
  world: LionHUB
  x: 747.5022987887859
  y: 2.0
  z: 3922.863644685712
  yaw: 359.81857
  pitch: 8.26077
lastAccountName: MetAtHeUnbeateN
timestamps:
  login: 1520501677097
  logout: 1520501913911
  lastteleport: 1520501418595
ipAddress: 212.237.121.246
logoutlocation:
  world: LionHUB
  x: 759.2926400735786
  y: 5.0
  z: 3651.84803917325
  yaw: -91.631226
  pitch: 12.393654
money: '500.0'
