lastlocation:
  world: LionHUB
  x: 934.471827748813
  y: 37.0
  z: -406.51805853866585
  yaw: 63.916527
  pitch: 10.270702
