lastlocation:
  world: LionHUB
  x: 942.0
  y: 38.0
  z: -415.0
  yaw: 0.0
  pitch: 0.0
lastAccountName: TheAutoCorrect
timestamps:
  login: 1515037326586
  logout: 1515037380514
ipAddress: 121.213.166.170
logoutlocation:
  world: LionHUB
  x: 942.0
  y: 38.0
  z: -415.0
  yaw: -6.6000004
  pitch: 21.149998
