timestamps:
  lastteleport: 1498105417147
  login: 1498105205495
  logout: 1498105416944
lastlocation:
  world: LionHUB
  x: 13.8010418739682
  y: 67.0
  z: 14.597004977122465
  yaw: 199.83221
  pitch: 69.231155
lastAccountName: Irham9105
socialspy: false
ipAddress: 180.249.225.90
logoutlocation:
  world: LionHUB
  x: 30.5
  y: 67.0
  z: 15.5
  yaw: 90.11987
  pitch: -0.34908158
