timestamps:
  lastteleport: 1498135452077
  login: 1498135430959
  logout: 1498135451273
lastlocation:
  world: LionHUB
  x: 30.034536020445362
  y: 67.0
  z: 15.514872887632672
  yaw: 88.16987
  pitch: 8.200918
socialspy: false
lastAccountName: 323f
ipAddress: 37.128.74.33
logoutlocation:
  world: LionHUB
  x: 30.5
  y: 67.0
  z: 15.5
  yaw: 90.11987
  pitch: -0.34908158
