lastlocation:
  world: LionHUB
  x: 946.1725444630976
  y: 36.5
  z: -383.1436581623511
  yaw: 14.2580385
  pitch: -1.960479
lastAccountName: Rempay
timestamps:
  login: 1512204817561
  lastteleport: 1512204878502
  logout: 1512204954576
ipAddress: 5.14.22.158
money: '0.0'
logoutlocation:
  world: MainLobby
  x: 19.701051879256603
  y: 57.0
  z: -9.07257801923457
  yaw: 186.67801
  pitch: 10.854017
