timestamps:
  lastteleport: 1497878763762
  login: 1497878718503
  logout: 1497878763459
lastlocation:
  world: LionHUB
  x: 29.239187518628185
  y: 66.5
  z: 19.504013391731434
  yaw: 179.35785
  pitch: 16.622131
socialspy: false
lastAccountName: DeshMC
ipAddress: 139.0.37.243
logoutlocation:
  world: LionHUB
  x: 30.5
  y: 67.0
  z: 15.5
  yaw: 90.11987
  pitch: -0.34908158
