lastlocation:
  world: LionHUB
  x: 942.9847941585354
  y: 38.0
  z: -414.80756805231493
  yaw: -359.53693
  pitch: 4.701889
lastAccountName: TurtleForDayZ
timestamps:
  login: 1510606845561
  logout: 1510606947979
ipAddress: 88.77.55.82
logoutlocation:
  world: LionHUB
  x: 949.6639305887009
  y: 37.0
  z: -399.94235177137585
  yaw: 180.91193
  pitch: 21.872858
