timestamps:
  lastteleport: 1499723784026
  login: 1499723757419
  logout: 1499723781775
lastlocation:
  world: LionHUB
  x: 91.61763669903661
  y: 46.0
  z: -58.731059737688625
  yaw: -77.68671
  pitch: 8.779436
lastAccountName: iSellTaco
ipAddress: 94.71.120.255
socialspy: false
logoutlocation:
  world: LionHUB
  x: 93.5
  y: 45.0
  z: -62.5
  yaw: -359.88382
  pitch: -20.032845
