timestamps:
  lastteleport: 1499901701668
  login: 1499901676644
  logout: 1499901698797
lastlocation:
  world: LionHUB
  x: 93.5
  y: 45.0
  z: -62.5
  yaw: -359.88382
  pitch: -20.032845
socialspy: false
lastAccountName: WUGGP178p0bGHyp2
ipAddress: 218.201.102.54
logoutlocation:
  world: LionHUB
  x: 93.5
  y: 45.0
  z: -62.5
  yaw: -359.88382
  pitch: -20.032845
