timestamps:
  lastteleport: 1499901653247
  login: 1499901651797
lastlocation:
  world: LionHUB
  x: 93.5
  y: 45.0
  z: -62.5
  yaw: -359.88382
  pitch: -20.032845
lastAccountName: Xz7yvHrHiLtSOlF0
ipAddress: 81.142.146.60
socialspy: false
logoutlocation:
  world: LionHUB
  x: 93.5
  y: 45.0
  z: -62.5
  yaw: -359.88382
  pitch: -20.032845
