lastlocation:
  world: LionHUB
  x: 942.9395244330399
  y: 38.0
  z: -414.9798036988763
  yaw: -30.10334
  pitch: 51.50753
lastAccountName: WindowsBot
timestamps:
  login: 1507929420653
  logout: 1507929455338
ipAddress: 5.198.21.166
logoutlocation:
  world: LionHUB
  x: 942.0
  y: 38.0
  z: -415.0
  yaw: -30.10334
  pitch: 51.50753
