lastlocation:
  world: LionHUB
  x: 942.9847941585354
  y: 38.0
  z: -414.80756805231493
  yaw: -359.53693
  pitch: 4.701889
lastAccountName: danijel334
timestamps:
  login: 1506956298967
  logout: 1506956325502
ipAddress: 94.218.79.237
socialspy: false
logoutlocation:
  world: LionHUB
  x: 943.1494599689017
  y: 11.0
  z: -415.09212959365215
  yaw: 307.48557
  pitch: 8.624231
