lastlocation:
  world: LionHUB
  x: 943.0195191088159
  y: 38.0
  z: -414.25812266697704
  yaw: -0.47781372
  pitch: -3.5336792
lastAccountName: HubertandGabi
timestamps:
  login: 1516043091723
  logout: 1516043213059
ipAddress: 82.3.140.215
logoutlocation:
  world: LionHUB
  x: 942.0
  y: 38.0
  z: -415.0
  yaw: -44.100014
  pitch: 74.24999
