lastlocation:
  world: skywars
  x: 102.54104689694941
  y: 150.0
  z: -127.34705571579416
  yaw: -2.402289
  pitch: -12.645975
lastAccountName: AlphaChaosLP
timestamps:
  login: 1515693999213
  lastteleport: 1515694051213
  logout: 1515693940206
ipAddress: 94.16.79.143
money: '0.0'
logoutlocation:
  world: LionHUB
  x: 958.7719704398085
  y: 37.5
  z: -368.2615621163986
  yaw: 162.42224
  pitch: -0.45000786
