lastlocation:
  world: LionHUB
  x: 943.0195191088159
  y: 38.0
  z: -414.25812266697704
  yaw: -0.47781372
  pitch: -3.5336792
lastAccountName: sgtjohnston721
timestamps:
  login: 1515370494766
  logout: 1515370501358
ipAddress: 213.8.204.39
logoutlocation:
  world: LionHUB
  x: 942.0
  y: 38.0
  z: -414.0141863543339
  yaw: 1.507337
  pitch: 6.6322827
