lastlocation:
  world: SkyBlock
  x: 0.0
  y: 65.0
  z: 0.0
  yaw: 0.0
  pitch: 0.0
lastAccountName: flemhellem
timestamps:
  login: 1518033599979
  lastteleport: 1518033674434
  logout: 1518033735802
ipAddress: 83.243.213.240
money: '0.0'
logoutlocation:
  world: SkyBlock
  x: 0.5
  y: 65.0
  z: 0.5
  yaw: -1.1107711
  pitch: 2.574137
