lastlocation:
  world: LionHUB
  x: 942.0
  y: 38.0
  z: -415.0
  yaw: 0.0
  pitch: 0.0
lastAccountName: WomboMasterino
timestamps:
  login: 1513342310526
  logout: 1513342315031
ipAddress: 89.200.12.32
logoutlocation:
  world: LionHUB
  x: 941.674607085064
  y: 36.5
  z: -417.38250386013857
  yaw: 175.05
  pitch: 20.550001
