timestamps:
  lastteleport: 1499901701049
  login: 1499901683001
  logout: 1499901698797
lastlocation:
  world: LionHUB
  x: 93.35
  y: 45.0
  z: -62.35
  yaw: -359.88382
  pitch: -20.032845
lastAccountName: 96nm9ieDEzPMzEyl
ipAddress: 108.61.4.67
socialspy: false
logoutlocation:
  world: LionHUB
  x: 93.5
  y: 45.0
  z: -62.5
  yaw: -359.88382
  pitch: -20.032845
