lastlocation:
  world: lobby_practice
  x: -5.404527145457083
  y: 99.0
  z: -3077.7424873743576
  yaw: 116.435104
  pitch: 4.7996516
lastAccountName: DragonSlayer756
timestamps:
  login: 1520205178328
  lastteleport: 1520205277457
  logout: 1520205534005
ipAddress: 174.194.23.49
money: '0.0'
logoutlocation:
  world: MainLobby
  x: 5.9549036188629065
  y: 59.5
  z: 3.0348627850929444
  yaw: 120.89996
  pitch: 4.8499994
