lastlocation:
  world: LionHUB
  x: 943.0469966541266
  y: 38.0
  z: -414.010134952112
  yaw: 351.2722
  pitch: 6.2163205
lastAccountName: LosinqKinq
timestamps:
  login: 1511367210993
  logout: 1511367247656
ipAddress: 170.52.122.225
logoutlocation:
  world: LionHUB
  x: 939.7534609009421
  y: 37.5
  z: -422.3733991751455
  yaw: 317.0722
  pitch: 9.366321
