lastlocation:
  world: LionHUB
  x: 739.3359181437436
  y: 5.0
  z: 3580.9754053894544
  yaw: -274.1555
  pitch: 16.590094
lastAccountName: Styles112
timestamps:
  login: 1518796873500
  lastteleport: 1518796892314
  logout: 1518796946877
ipAddress: 83.233.139.71
money: '0.0'
logoutlocation:
  world: MainLobby
  x: 29.029981212512865
  y: 57.0
  z: 9.404295414670626
  yaw: -110.01359
  pitch: -16.22364
