timestamps:
  lastteleport: 1503789109207
  login: 1503951685447
  logout: 1503791264143
lastlocation:
  world: LionHUB
  x: 93.5
  y: 47.0
  z: -53.5
  yaw: -180.92189
  pitch: 20.520617
lastAccountName: ikninja
socialspy: false
ipAddress: 24.79.249.72
logoutlocation:
  world: LionHUB
  x: 93.58829715962595
  y: 45.0
  z: -62.02390939797952
  yaw: -5.6113324
  pitch: 6.088935
