lastlocation:
  world: LionHUB
  x: 684.9832256017135
  y: 8.0
  z: 3608.415824288223
  yaw: 93.04484
  pitch: 0.09011267
money: '500.0'
lastAccountName: clairee_0605
timestamps:
  login: 1517686851612
  lastteleport: 1517687064449
ipAddress: 67.246.184.201
