lastlocation:
  world: LionHUB
  x: 949.1613969929928
  y: 37.0
  z: -416.7202688795055
  yaw: -245.40001
  pitch: 3.7500002
lastAccountName: Gamerz17
timestamps:
  login: 1512863768929
  lastteleport: 1512863804508
  kits:
    starter: 1512863826270
  logout: 1512863861031
ipAddress: 181.67.191.97
money: '0.0'
logoutlocation:
  world: Factions
  x: 116.42487569453303
  y: 68.0
  z: -267.69999998807907
  yaw: 223.47331
  pitch: 24.850525
