lastlocation:
  world: LionHUB
  x: 746.4592455243042
  y: 10.0
  z: 3608.7898504515924
  yaw: -0.10546875
  pitch: -4.859901
lastAccountName: SonnyKnowsDaWae
timestamps:
  login: 1518047339699
  logout: 1518048418131
ipAddress: 73.159.4.186
logoutlocation:
  world: LionHUB
  x: 741.5241457745709
  y: 9.0
  z: 3618.0741164639503
  yaw: 88.99454
  pitch: 13.290124
