lastAccountName: Kiter_Wat
timestamps:
  login: 1503983347438
  lastteleport: 1503983371421
  logout: 1503983421713
ipAddress: 121.202.12.194
socialspy: false
lastlocation:
  world: LionHUB
  x: 97.22201235853557
  y: 42.0
  z: -62.37769001128618
  yaw: 102.354706
  pitch: 34.18047
logoutlocation:
  world: MainLobby
  x: 17.566359738598106
  y: 57.78502770378924
  z: -10.694189661182639
  yaw: 107.11746
  pitch: -8.749355
