lastlocation:
  world: FFASoup
  x: -13.277819995017976
  y: 8.0
  z: -17.46425571971695
  yaw: -5.2489724
  pitch: 20.81757
