timestamps:
  lastteleport: 1499901634577
  login: 1499901631793
lastlocation:
  world: LionHUB
  x: 93.35
  y: 45.0
  z: -62.35
  yaw: -359.88382
  pitch: -20.032845
lastAccountName: OJ1yRHD6_9qiPcPD
ipAddress: 81.236.252.99
socialspy: false
logoutlocation:
  world: LionHUB
  x: 93.5
  y: 45.0
  z: -62.5
  yaw: -359.88382
  pitch: -20.032845
