timestamps:
  lastteleport: 1498212362266
  login: 1498212340061
  logout: 1498212361813
lastlocation:
  world: LionHUB
  x: 30.5
  y: 67.0
  z: 15.5
  yaw: 90.11987
  pitch: -0.34908158
lastAccountName: CrazyRussianBear
ipAddress: 42.61.224.204
socialspy: false
logoutlocation:
  world: LionHUB
  x: 30.5
  y: 67.0
  z: 15.5
  yaw: 90.11987
  pitch: -0.34908158
