lastlocation:
  world: LionHUB
  x: 994.8687997441399
  y: 39.166109260938214
  z: -414.0002108357449
  yaw: -74.086914
  pitch: 35.301434
lastAccountName: BoyZar
timestamps:
  login: 1508670738582
  lastteleport: 1508670808477
  logout: 1508670842242
ipAddress: 202.80.212.126
logoutlocation:
  world: Sg
  x: -117.13591504473936
  y: 3.5
  z: 51.45683939914817
  yaw: 273.26642
  pitch: 14.915727
