socialspy: false
lastAccountName: youribro2003
timestamps:
  login: 1505065665888
  logout: 1505065669558
ipAddress: 66.71.254.135
logoutlocation:
  world: LionHUB
  x: 93.50848809898889
  y: 45.0
  z: -62.54658081977909
  yaw: 1.1386657
  pitch: -1.1110629
