lastlocation:
  world: SkyBlock
  x: 0.45806776249860215
  y: 65.0
  z: 0.2381839589608156
  yaw: 36.84933
  pitch: 29.000864
lastAccountName: CookingKing08
timestamps:
  login: 1508139209609
  lastteleport: 1508139274056
  logout: 1508139350819
ipAddress: 101.163.20.49
logoutlocation:
  world: ASkyBlock
  x: 205.28680094714235
  y: 116.9375
  z: 801.299587191535
  yaw: 43.500145
  pitch: 88.350006
