timestamps:
  lastteleport: 1499901677801
  login: 1499901647057
  logout: 1499901671077
lastlocation:
  world: LionHUB
  x: 93.35
  y: 45.0
  z: -62.35
  yaw: -359.88382
  pitch: -20.032845
socialspy: false
lastAccountName: PlVnlnR1uR0rXhCO
ipAddress: 163.121.188.3
logoutlocation:
  world: LionHUB
  x: 93.5
  y: 45.0
  z: -62.5
  yaw: -359.88382
  pitch: -20.032845
