lastlocation:
  world: ValleysideUniversity
  x: 401.6310252513789
  y: 6.0
  z: 128.86714245023256
  yaw: 294.51562
  pitch: 11.907725
lastAccountName: SuperMauro64
timestamps:
  login: 1507992184707
  logout: 1507993280630
  lastteleport: 1507992826267
ipAddress: 218.215.31.98
logoutlocation:
  world: Sg
  x: -99.25666770123264
  y: 5.0
  z: 54.811531977382614
  yaw: 303.0241
  pitch: 8.275569
