lastAccountName: RafeMonzz
timestamps:
  login: 1505991697723
  lastteleport: 1505991784288
  logout: 1505992733000
ipAddress: 178.153.6.29
socialspy: false
lastlocation:
  world: LionHUB
  x: 93.59762016558375
  y: 48.0
  z: -46.36093679155427
  yaw: 2.3872986
  pitch: -26.933268
logoutlocation:
  world: MainLobby
  x: 18.203639786866766
  y: 57.0
  z: -15.529047540204093
  yaw: 255.97342
  pitch: -1.1029351
