lastlocation:
  world: LionHUB
  x: 943.400871266975
  y: 38.0
  z: -363.0537019431467
  yaw: 1.7721859
  pitch: 65.01633
lastAccountName: maicomyt
timestamps:
  login: 1512580560741
  logout: 1512580658900
  lastteleport: 1512580583632
ipAddress: 170.150.104.254
logoutlocation:
  world: MainLobby
  x: 0.7540975380537598
  y: 60.0
  z: -0.5326189597053218
  yaw: 279.38632
  pitch: 90.0
money: '0.0'
