lastlocation:
  world: LionHUB
  x: 943.0195191088159
  y: 38.0
  z: -414.25812266697704
  yaw: -0.47781372
  pitch: -3.5336792
lastAccountName: FULLmetalDexster
timestamps:
  login: 1512303493332
  kits:
    starter: 1512243624789
  lastteleport: 1512243796190
  logout: 1512303516599
ipAddress: 89.205.124.85
money: '500.0'
logoutlocation:
  world: LionHUB
  x: 943.0195191088159
  y: 38.0
  z: -414.25812266697704
  yaw: -0.47781372
  pitch: -3.5336792
