lastlocation:
  world: LionHUB
  x: 942.8576318803989
  y: 35.0
  z: -388.9163028076711
  yaw: -34.37781
  pitch: -9.53367
lastAccountName: 999Zoom_Fan
timestamps:
  login: 1512683734451
  lastteleport: 1512683758887
  logout: 1512683780067
ipAddress: 90.206.228.220
money: '0.0'
logoutlocation:
  world: MainLobby
  x: 3.227406613331488
  y: 61.0
  z: -2.4938042259444706
  yaw: 35.7865
  pitch: 53.076355
