timestamps:
  lastteleport: 1499901639009
  login: 1499901636807
lastlocation:
  world: LionHUB
  x: 93.5
  y: 45.0
  z: -62.5
  yaw: -359.88382
  pitch: -20.032845
socialspy: false
lastAccountName: r5WJ2v6UYQ2DkpUK
ipAddress: 201.209.253.69
logoutlocation:
  world: LionHUB
  x: 93.5
  y: 45.0
  z: -62.5
  yaw: -359.88382
  pitch: -20.032845
