lastlocation:
  world: LionHUB
  x: 942.9847941585354
  y: 38.0
  z: -414.80756805231493
  yaw: -359.53693
  pitch: 4.701889
lastAccountName: DavidFocusPVP
timestamps:
  login: 1508371578264
  logout: 1508371615719
ipAddress: 181.113.145.207
logoutlocation:
  world: LionHUB
  x: 942.9847941585354
  y: 38.0
  z: -414.80756805231493
  yaw: 0.46307373
  pitch: 4.701889
