lastlocation:
  world: SkyBlock
  x: 0.6091664749983465
  y: 64.0
  z: 37.769267063638054
  yaw: -0.5006714
  pitch: 1.4008675
lastAccountName: _PeteyK_
timestamps:
  login: 1520082004506
  logout: 1520082014070
  lastteleport: 1519045612107
ipAddress: 76.243.110.11
logoutlocation:
  world: LionHUB
  x: 746.4592455243042
  y: 10.0
  z: 3608.7898504515924
  yaw: -122.50546
  pitch: -5.6098995
money: '500.0'
