lastlocation:
  world: LionHUB
  x: 943.499067491444
  y: 38.0
  z: -363.01386579235543
  yaw: -4.9033527
  pitch: 6.957528
lastAccountName: Ocelotguy64
timestamps:
  login: 1508251411962
  logout: 1508251448825
  lastteleport: 1508251432296
ipAddress: 2.99.82.149
logoutlocation:
  world: MainLobby
  x: 37.2235517066865
  y: 59.0
  z: 1.1607519986248134
  yaw: -17.013506
  pitch: 6.126357
