lastlocation:
  world: Factions
  x: 336.0610516145023
  y: 71.0
  z: -221.03856389067442
  yaw: 213.90901
  pitch: 8.713022
lastAccountName: Pinguino_man
timestamps:
  login: 1517539418038
  lastteleport: 1517539506165
  kits:
    starter: 1517539547161
  logout: 1517539817591
ipAddress: 190.225.158.242
money: '0.0'
logoutlocation:
  world: Factions
  x: 137.59547198392994
  y: 68.5
  z: -313.71827205971147
  yaw: 263.07324
  pitch: 17.650549
