lastlocation:
  world: LionHUB
  x: 942.57046572757
  y: 37.5
  z: -413.275121565879
  yaw: 169.09103
  pitch: 20.450363
lastAccountName: Fob823
timestamps:
  login: 1515177628379
  lastteleport: 1515177652077
  logout: 1515177655454
ipAddress: 83.248.212.64
money: '0.0'
logoutlocation:
  world: MainLobby
  x: 1.6517259494213468
  y: 60.0
  z: 0.5014093442587182
  yaw: -89.971306
  pitch: 2.0241618
