lastlocation:
  world: LionHUB
  x: 942.9395244330399
  y: 38.0
  z: -414.9798036988763
  yaw: -4.153345
  pitch: 2.907533
lastAccountName: CheChe123
timestamps:
  login: 1508875542363
  logout: 1508875554127
  lastteleport: 1508874723988
ipAddress: 178.191.210.74
logoutlocation:
  world: LionHUB
  x: 942.9245905081855
  y: 37.0
  z: -403.6550936391084
  yaw: -2.8390055
  pitch: 21.965458
