timestamps:
  lastteleport: 1499901723667
  login: 1499901702086
  logout: 1499901721847
lastlocation:
  world: LionHUB
  x: 93.5
  y: 45.0
  z: -62.5
  yaw: -359.88382
  pitch: -20.032845
lastAccountName: 3shsuHm8CHLExAG2
ipAddress: 218.201.102.54
socialspy: false
logoutlocation:
  world: LionHUB
  x: 93.5
  y: 45.0
  z: -62.5
  yaw: -359.88382
  pitch: -20.032845
