lastAccountName: mobman2503
timestamps:
  login: 1505257672706
  lastteleport: 1505257698657
  logout: 1505257981101
ipAddress: 67.71.132.94
socialspy: false
lastlocation:
  world: LionHUB
  x: 93.41012116376378
  y: 48.166109260938214
  z: -47.86902974663926
  yaw: -3.8381968
  pitch: -18.064249
logoutlocation:
  world: MainLobby
  x: 25.147705619371713
  y: 57.0
  z: 22.363805289870925
  yaw: -36.642765
  pitch: 23.324358
