lastAccountName: Super_Monkey166
timestamps:
  login: 1517203511270
  logout: 1517203517484
  lastteleport: 1517190584856
ipAddress: 58.173.183.7
socialspy: false
logoutlocation:
  world: LionHUB
  x: 943.0195191088159
  y: 38.0
  z: -414.25812266697704
  yaw: -0.47781372
  pitch: -3.5336792
lastlocation:
  world: LionHUB
  x: 943.0195191088159
  y: 38.0
  z: -414.25812266697704
  yaw: -0.47781372
  pitch: -3.5336792
money: '500.0'
