lastAccountName: BrombeerToni
timestamps:
  login: 1503713689722
  logout: 1503713695395
ipAddress: 71.219.127.188
socialspy: false
logoutlocation:
  world: LionHUB
  x: 93.56141285617196
  y: 46.0
  z: -57.15854069892017
  yaw: -7.1946
  pitch: 4.2444487
