lastlocation:
  world: LionHUB
  x: 948.2202714402856
  y: 37.0
  z: -412.1059429931053
  yaw: -212.12756
  pitch: -4.199998
