lastlocation:
  world: MainLobby
  x: 26.310585976693275
  y: 58.4807108763317
  z: -0.24021554927851574
  yaw: 93.22784
  pitch: 2.6079323
lastAccountName: shrekman600
timestamps:
  login: 1511403295914
  lastteleport: 1511403303216
  logout: 1511403285135
ipAddress: 206.45.224.168
logoutlocation:
  world: MainLobby
  x: 6.348637630000616
  y: 59.0
  z: 0.8003763218904048
  yaw: 137.2089
  pitch: 4.734287
