lastlocation:
  world: LionHUB
  x: 942.9847941585354
  y: 38.0
  z: -414.80756805231493
  yaw: -359.53693
  pitch: 4.701889
lastAccountName: FactionsQuizz
timestamps:
  login: 1510586007325
  logout: 1510586010333
ipAddress: 141.237.144.114
logoutlocation:
  world: LionHUB
  x: 942.9712188341541
  y: 37.0
  z: -408.0243534347711
  yaw: -0.44882527
  pitch: 7.361596
