lastlocation:
  world: LionHUB
  x: 943.0195191088159
  y: 38.0
  z: -414.25812266697704
  yaw: -0.47781372
  pitch: -3.5336792
lastAccountName: Jomahersa
timestamps:
  login: 1513847699810
  lastteleport: 1513847653349
  logout: 1513847736442
ipAddress: 90.160.8.129
money: '500.0'
logoutlocation:
  world: LionHUB
  x: 943.0195191088159
  y: 38.0
  z: -414.25812266697704
  yaw: 6.872187
  pitch: 5.4663205
