timestamps:
  lastteleport: 1501910586627
  login: 1501910564313
  logout: 1501910662025
lastlocation:
  world: MainLobby
  x: 15.389555342035697
  y: 57.0
  z: 5.932816159729735
  yaw: -202.48079
  pitch: 1.4043447
lastAccountName: TheOriginCrafter
ipAddress: 114.124.246.165
socialspy: false
logoutlocation:
  world: MainLobby
  x: 8.300000011920925
  y: 59.0
  z: -1.217121601165864
  yaw: -99.94408
  pitch: 10.062454
