timestamps:
  lastteleport: 1499901645692
  login: 1499901642580
lastlocation:
  world: LionHUB
  x: 93.5
  y: 45.0
  z: -62.5
  yaw: -359.88382
  pitch: -20.032845
lastAccountName: PNu2ZneRsagM8Ei4
ipAddress: 178.62.171.190
socialspy: false
logoutlocation:
  world: LionHUB
  x: 93.5
  y: 45.0
  z: -62.5
  yaw: -359.88382
  pitch: -20.032845
