lastlocation:
  world: SkyBlock
  x: 4.527591521376361
  y: 66.0
  z: 21.14010697415636
  yaw: -77.59459
  pitch: 28.237385
lastAccountName: Mr_Throne
timestamps:
  login: 1521493499574
  logout: 1521493992876
  lastteleport: 1521493964574
ipAddress: 181.51.145.132
logoutlocation:
  world: SkyBlock
  x: 112.87752502498019
  y: 66.0
  z: 21.385027163068784
  yaw: -270.3851
  pitch: 6.7698894
money: '0.0'
