lastlocation:
  world: LionHUB
  x: 943.0644037800563
  y: 38.0
  z: -414.69615849648756
  yaw: -1.7533569
  pitch: 1.7075297
lastAccountName: MarcusRanger
timestamps:
  login: 1507681064963
  logout: 1507681147144
ipAddress: 76.6.74.223
socialspy: false
logoutlocation:
  world: LionHUB
  x: 956.5877911480613
  y: 37.5
  z: -417.52615984235786
  yaw: 86.374245
  pitch: 20.983015
