lastAccountName: ShiftYT
timestamps:
  login: 1502658416962
  lastteleport: 1502658455766
  logout: 1502658469710
ipAddress: 45.37.227.10
socialspy: false
lastlocation:
  world: LionHUB
  x: 92.97509784831516
  y: 46.0
  z: -66.3738757774241
  yaw: -53.311314
  pitch: 52.88894
logoutlocation:
  world: MainLobby
  x: 23.262303222016495
  y: 58.0
  z: 1.104241451197235
  yaw: -85.863525
  pitch: 2.8263505
