timestamps:
  lastteleport: 1499901679907
  login: 1499901667661
  logout: 1499901678498
lastlocation:
  world: LionHUB
  x: 93.35
  y: 45.0
  z: -62.35
  yaw: -359.88382
  pitch: -20.032845
socialspy: false
lastAccountName: Bpel_VDd2ywA1CoL
ipAddress: 37.59.0.139
logoutlocation:
  world: LionHUB
  x: 93.5
  y: 45.0
  z: -62.5
  yaw: -359.88382
  pitch: -20.032845
