lastlocation:
  world: LionHUB
  x: 942.9847941585354
  y: 38.0
  z: -414.80756805231493
  yaw: 306.536
  pitch: 6.3931828
lastAccountName: jrTBNRFrags
timestamps:
  login: 1507920341250
  logout: 1507920401415
ipAddress: 90.221.31.23
logoutlocation:
  world: LionHUB
  x: 948.1293351684566
  y: 37.0
  z: -415.4687631042674
  yaw: 232.75151
  pitch: 12.63521
