lastlocation:
  world: LionHUB
  x: 943.0195191088159
  y: 38.0
  z: -414.25812266697704
  yaw: -0.47781372
  pitch: -3.5336792
lastAccountName: juhyefd
timestamps:
  login: 1514575171690
  logout: 1514575175809
ipAddress: 197.1.45.52
logoutlocation:
  world: LionHUB
  x: 943.0195191088159
  y: 38.0
  z: -414.25812266697704
  yaw: 359.5222
  pitch: -3.5336792
