lastlocation:
  world: LionHUB
  x: 698.8395958985598
  y: 5.0
  z: 3655.9525977254075
  yaw: 39.576702
  pitch: 2.363356
lastAccountName: imprudent
timestamps:
  login: 1518047377261
  lastteleport: 1518047447116
  logout: 1518047497169
ipAddress: 68.58.66.55
money: '500.0'
logoutlocation:
  world: LionHUB
  x: 756.5506208920503
  y: 2.0
  z: 3923.6625928548265
  yaw: 97.17
  pitch: 8.227337
