socialspy: false
lastAccountName: ripgamer21
timestamps:
  login: 1502723438649
  logout: 1502723480876
ipAddress: 46.152.97.18
logoutlocation:
  world: LionHUB
  x: 93.60080332309435
  y: 44.5
  z: -120.2448491557623
  yaw: 180.9886
  pitch: 23.338938
