lastlocation:
  world: LionHUB
  x: 943.0195191088159
  y: 38.0
  z: -414.25812266697704
  yaw: -1.9778138
  pitch: 37.41632
lastAccountName: AB4Gaming
timestamps:
  login: 1515517469693
  lastteleport: 1515309403766
  logout: 1515517496946
ipAddress: 123.122.176.90
money: '500.0'
logoutlocation:
  world: LionHUB
  x: 943.0195191088159
  y: 38.0
  z: -414.25812266697704
  yaw: -0.47781372
  pitch: -3.5336792
