lastlocation:
  world: LionHUB
  x: 794.3109156028211
  y: 6.001335979112147
  z: 3655.828689993729
  yaw: -50.35543
  pitch: 4.890105
lastAccountName: BenbabofSmeg
timestamps:
  login: 1519828274876
  lastteleport: 1519828320053
  logout: 1519828325094
ipAddress: 86.158.128.67
money: '0.0'
logoutlocation:
  world: MainLobby
  x: 32.41975571777106
  y: 79.5
  z: 489.1140115859479
  yaw: -164.2744
  pitch: 28.980108
