lastAccountName: Vanderan
timestamps:
  login: 1502232707007
  logout: 1502232714560
ipAddress: 72.190.164.73
socialspy: false
logoutlocation:
  world: LionHUB
  x: 93.56884077240824
  y: 46.0
  z: -60.990634656201465
  yaw: 183.28862
  pitch: 13.89161
