lastlocation:
  world: LionHUB
  x: 746.4592455243042
  y: 10.0
  z: 3608.7898504515924
  yaw: -0.10546875
  pitch: -4.859901
lastAccountName: White_Venomzz
timestamps:
  login: 1517516740608
  logout: 1517516782712
ipAddress: 89.101.62.184
logoutlocation:
  world: LionHUB
  x: 746.4588849254719
  y: 10.0
  z: 3608.030669583646
  yaw: -0.10546875
  pitch: -4.709901
