lastlocation:
  world: parkour
  x: 296.69882338667264
  y: 4.0
  z: 130.79997249692678
  yaw: 46.321655
  pitch: 36.611618
lastAccountName: by23817
timestamps:
  login: 1515514192496
  lastteleport: 1515514220269
  logout: 1515516066359
ipAddress: 87.179.162.63
money: '0.0'
logoutlocation:
  world: parkour
  x: -3216.6908152272945
  y: 4.0
  z: 899.4559880884306
  yaw: -50.248837
  pitch: 33.900013
