timestamps:
  lastteleport: 1499901678100
  login: 1499901647057
  logout: 1499901671077
lastlocation:
  world: LionHUB
  x: 93.5
  y: 45.0
  z: -62.5
  yaw: -359.88382
  pitch: -20.032845
lastAccountName: GjB6FjG2lfrQM_Oq
ipAddress: 101.200.151.23
socialspy: false
logoutlocation:
  world: LionHUB
  x: 93.5
  y: 45.0
  z: -62.5
  yaw: -359.88382
  pitch: -20.032845
