lastlocation:
  world: LionHUB
  x: 942.304759591663
  y: 38.0
  z: -466.84505931547716
  yaw: 191.78304
  pitch: 14.887083
lastAccountName: pqla
timestamps:
  login: 1512804882784
  lastteleport: 1512804920893
  kits:
    starter: 1512804940100
  logout: 1512805459021
ipAddress: 203.211.116.197
money: '0.0'
logoutlocation:
  world: Factions
  x: 137.86447897080586
  y: 51.0
  z: -173.44942864781268
  yaw: 246.54413
  pitch: 9.959206
