timestamps:
  lastteleport: 1499901632740
  login: 1499901629594
  logout: 1499901630608
lastlocation:
  world: LionHUB
  x: 93.35
  y: 45.0
  z: -62.35
  yaw: -359.88382
  pitch: -20.032845
lastAccountName: FJxtu3easeTmnccx
ipAddress: 36.66.72.140
socialspy: false
logoutlocation:
  world: LionHUB
  x: 93.5
  y: 45.0
  z: -62.5
  yaw: -359.88382
  pitch: -20.032845
