lastlocation:
  world: LionHUB
  x: 746.4592455243042
  y: 10.0
  z: 3608.7898504515924
  yaw: -0.10546875
  pitch: -4.859901
lastAccountName: ElectrogamerYT
timestamps:
  login: 1521483991504
  logout: 1521484104538
ipAddress: 188.133.116.113
logoutlocation:
  world: LionHUB
  x: 746.4592455243042
  y: 10.0
  z: 3608.7898504515924
  yaw: -0.10546875
  pitch: -4.859901
