lastlocation:
  world: LionHUB
  x: 943.0195191088159
  y: 38.0
  z: -414.25812266697704
  yaw: -0.47781372
  pitch: -3.5336792
lastAccountName: EREN_Pro_ad
timestamps:
  login: 1511629645511
  logout: 1511629671006
  lastteleport: 1511531880074
ipAddress: 85.107.175.65
logoutlocation:
  world: LionHUB
  x: 943.0204887270401
  y: 38.0
  z: -414.12269139049926
  yaw: 359.63412
  pitch: 19.861158
money: '500.0'
