lastAccountName: SualmanYT
timestamps:
  login: 1504795983575
  lastteleport: 1504795997192
  logout: 1504796430862
ipAddress: 219.74.44.136
socialspy: false
lastlocation:
  world: LionHUB
  x: 93.75804957613884
  y: 48.0
  z: -46.73710513999139
  yaw: 3.9866943
  pitch: -10.587842
logoutlocation:
  world: MainLobby
  x: 13.35324341856948
  y: 57.0
  z: 6.74031011385989
  yaw: -54.5
  pitch: 21.050003
