timestamps:
  lastteleport: 1499901750483
  login: 1499901720507
  logout: 1499901749431
lastlocation:
  world: LionHUB
  x: 93.5
  y: 45.0
  z: -62.5
  yaw: -359.88382
  pitch: -20.032845
socialspy: false
lastAccountName: Odqh2VisRdzJaNXx
ipAddress: 67.205.191.44
logoutlocation:
  world: LionHUB
  x: 93.5
  y: 45.0
  z: -62.5
  yaw: -359.88382
  pitch: -20.032845
