lastlocation:
  world: SkyBlock
  x: 118.63553239748967
  y: 66.0
  z: 21.94302327352154
  yaw: 271.52225
  pitch: 10.842328
lastAccountName: CartelEscobar
timestamps:
  login: 1507564272238
  lastteleport: 1507564553613
  logout: 1507564640096
ipAddress: 195.142.92.230
socialspy: false
logoutlocation:
  world: SkyBlock
  x: 0.0
  y: 65.0
  z: 0.0
  yaw: 271.52225
  pitch: 10.842328
