lastlocation:
  world: LionHUB
  x: 942.9847941585354
  y: 38.0
  z: -414.80756805231493
  yaw: -350.38715
  pitch: -1.7481121
lastAccountName: AltezYT
timestamps:
  login: 1510458477030
  lastteleport: 1510458491722
  logout: 1510458497556
ipAddress: 111.69.163.234
logoutlocation:
  world: SkyBlock
  x: 0.5
  y: 65.0
  z: 0.5
  yaw: -24.80067
  pitch: 10.250869
