lastlocation:
  world: LionHUB
  x: 942.9847941585354
  y: 38.0
  z: -414.80756805231493
  yaw: -359.53693
  pitch: 4.701889
lastAccountName: DanDu77
timestamps:
  login: 1509116851678
  logout: 1509116923960
ipAddress: 90.38.175.125
logoutlocation:
  world: LionHUB
  x: 1378.3550789607143
  y: 37.0
  z: -359.10365882933786
  yaw: -6.1025996
  pitch: 12.299996
