socialspy: false
lastAccountName: philip23
timestamps:
  login: 1506277845250
  logout: 1506277865967
ipAddress: 213.185.7.67
logoutlocation:
  world: LionHUB
  x: 93.96432862832972
  y: 45.5
  z: -62.112070058583285
  yaw: 240.53851
  pitch: 11.188937
