lastlocation:
  world: parkour
  x: 981.3000000119209
  y: 5.165852270578356
  z: 1006.8876311942289
  yaw: 33.052643
  pitch: 86.31792
lastAccountName: DLquat
timestamps:
  login: 1510488759339
  lastteleport: 1510488819934
  logout: 1510489019897
ipAddress: 104.249.225.0
logoutlocation:
  world: parkour
  x: 983.8077640973452
  y: 29.0
  z: 1001.6904342681039
  yaw: 167.21794
  pitch: 55.774323
