lastAccountName: SwagMasterDK
timestamps:
  login: 1502898091438
  lastteleport: 1502129867806
  logout: 1502352637191
ipAddress: 212.112.149.157
socialspy: false
lastlocation:
  world: LionHUB
  x: 93.75023324943197
  y: 48.5
  z: -46.05403925095732
  yaw: 2.931704
  pitch: 53.711388
logoutlocation:
  world: LionHUB
  x: 93.51999108110613
  y: 45.0
  z: -62.30000001192093
  yaw: -2.0376596
  pitch: 5.824736
