lastlocation:
  world: MainLobby
  x: 11.080023305437145
  y: 57.0
  z: 5.370815051453391
  yaw: 197.47145
  pitch: 28.836084
lastAccountName: Javelin_
timestamps:
  login: 1517706405282
  lastteleport: 1517706434291
  logout: 1517706581333
ipAddress: 184.15.189.16
money: '0.0'
logoutlocation:
  world: MainLobby
  x: 6.285846115780851
  y: 59.0
  z: -22.10302697612382
  yaw: 69.12909
  pitch: 37.35292
