lastAccountName: JelloMart
timestamps:
  login: 1519503415604
  lastteleport: 1516389294418
  logout: 1519503476897
ipAddress: 96.36.44.247
socialspy: false
lastlocation:
  world: ASkyBlock
  x: 416.152072089241
  y: 115.0
  z: -558.0031902407321
  yaw: 141.19955
  pitch: 13.589551
logoutlocation:
  world: LionHUB
  x: 723.1782939028337
  y: 5.0
  z: 3596.0406128493014
  yaw: -327.67615
  pitch: -2.762385
money: '0.0'
