lastlocation:
  world: LionHUB
  x: 942.0
  y: 38.0
  z: -415.0
  yaw: 0.0
  pitch: 0.0
lastAccountName: teenagerWhyli
timestamps:
  login: 1512217860664
  logout: 1512217988918
ipAddress: 94.215.216.29
logoutlocation:
  world: LionHUB
  x: 942.5706091853219
  y: 37.0
  z: -455.6859305420041
  yaw: -3.9002578
  pitch: 23.549997
