lastlocation:
  world: LionHUB
  x: 942.9395244330399
  y: 38.0
  z: -414.9798036988763
  yaw: -4.153345
  pitch: 2.907533
lastAccountName: MassiveCoder2
timestamps:
  login: 1508925573447
  logout: 1508925649812
ipAddress: 110.142.61.221
logoutlocation:
  world: LionHUB
  x: 942.9812802313131
  y: 38.0
  z: -414.0552825783251
  yaw: -15.336774
  pitch: 23.573982
