lastlocation:
  world: skywars
  x: 102.5
  y: 150.0
  z: -129.5
  yaw: -2.2522888
  pitch: -12.645975
lastAccountName: SkyDancerInGold
timestamps:
  login: 1507671047777
  logout: 1507671076121
ipAddress: 76.102.117.194
logoutlocation:
  world: LionHUB
  x: 942.7646316392177
  y: 37.5
  z: -412.90717526783914
  yaw: 354.0131
  pitch: 0.8018894
