lastlocation:
  world: LionHUB
  x: 699.3014978712868
  y: 5.919999986886978
  z: 3657.0627795650375
  yaw: 57.50821
  pitch: 10.6610775
lastAccountName: NanoPlayz15
timestamps:
  login: 1517506048985
  lastteleport: 1517506375990
  logout: 1517506503169
ipAddress: 94.110.31.198
logoutlocation:
  world: LionHUB
  x: 747.0976840510549
  y: 2.0
  z: 3924.1336627822993
  yaw: 355.22244
  pitch: 9.487632
money: '500.0'
