timestamps:
  lastteleport: 1499901642866
  login: 1499901640990
lastlocation:
  world: LionHUB
  x: 93.5
  y: 45.0
  z: -62.5
  yaw: -359.88382
  pitch: -20.032845
socialspy: false
lastAccountName: 7oNEd6YmxEo9kr3F
ipAddress: 216.47.221.142
logoutlocation:
  world: LionHUB
  x: 93.5
  y: 45.0
  z: -62.5
  yaw: -359.88382
  pitch: -20.032845
