lastlocation:
  world: FFA
  x: 26.552079855584818
  y: 28.0
  z: -712.1872061623652
  yaw: -169.36943
  pitch: 4.744173
lastAccountName: iiTigerz
timestamps:
  login: 1507227516663
  logout: 1507227634338
ipAddress: 86.147.183.142
socialspy: false
logoutlocation:
  world: FFA
  x: 1.0
  y: 13.0
  z: 0.0
  yaw: -169.36943
  pitch: 4.744173
