lastAccountName: Diamond_Ender212
timestamps:
  login: 1506385862360
  lastteleport: 1506386172347
  logout: 1506386237907
ipAddress: 68.8.133.6
socialspy: false
lastlocation:
  world: LionHUB
  x: 93.22017004335535
  y: 47.0
  z: -47.85923833871479
  yaw: 349.8883
  pitch: -36.811043
logoutlocation:
  world: MainLobby
  x: 8.369557962479131
  y: 58.0
  z: -12.14237183453414
  yaw: 132.08682
  pitch: -12.323645
