lastAccountName: Aisel_
socialspy: false
timestamps:
  login: 1505525042427
  lastteleport: 1505525954395
  logout: 1505526364541
ipAddress: 210.6.54.78
lastlocation:
  world: LionHUB
  x: 91.51573961166444
  y: 48.0
  z: -46.20861100370787
  yaw: -1.6282719
  pitch: 9.571857
logoutlocation:
  world: Sg
  x: -101.49926252765117
  y: 5.0
  z: 45.29332253044549
  yaw: -82.812164
  pitch: -50.889915
