lastlocation:
  world: LionHUB
  x: 942.9395244330399
  y: 38.0
  z: -414.9798036988763
  yaw: -4.153345
  pitch: 2.907533
lastAccountName: sansbaster
timestamps:
  login: 1508234997731
  logout: 1508235023230
  lastteleport: 1508234684502
ipAddress: 111.125.108.63
logoutlocation:
  world: LionHUB
  x: 941.1138256314708
  y: 37.5
  z: -413.90607689059976
  yaw: 355.84665
  pitch: 2.907533
