socialspy: false
lastAccountName: widgeon99
timestamps:
  login: 1504744559067
  logout: 1504744595679
ipAddress: 174.218.1.143
logoutlocation:
  world: LionHUB
  x: 93.50848809898889
  y: 45.0
  z: -62.54658081977909
  yaw: 179.85788
  pitch: 11.881302
