lastlocation:
  world: ASkyBlock
  x: -193.55740996331707
  y: 127.0
  z: 1002.7540257652912
  yaw: -70.08807
  pitch: 54.468945
lastAccountName: TSEPAN
timestamps:
  login: 1517303014662
  logout: 1517303024613
  lastteleport: 1517242220903
ipAddress: 79.166.119.224
logoutlocation:
  world: LionHUB
  x: 943.0210704977825
  y: 38.0
  z: -414.0467832511833
  yaw: -0.47781372
  pitch: -3.5336792
money: '500.0'
