lastlocation:
  world: LionHUB
  x: 802.3299483470889
  y: 90.0
  z: 3612.5640695249804
  yaw: -238.15532
  pitch: 58.739914
lastAccountName: xSuchSpeedy
timestamps:
  login: 1519548462827
  logout: 1519548531964
ipAddress: 176.88.28.70
logoutlocation:
  world: LionHUB
  x: 739.4743832995042
  y: 6.5
  z: 3595.699999988079
  yaw: -10.906799
  pitch: 10.590148
