lastlocation:
  world: LionHUB
  x: 942.0
  y: 38.0
  z: -415.0
  yaw: 0.0
  pitch: 0.0
lastAccountName: NC05
timestamps:
  login: 1517327919176
  logout: 1517327922625
ipAddress: 94.234.51.64
logoutlocation:
  world: LionHUB
  x: 942.4466810988422
  y: 37.0
  z: -408.6361185202772
  yaw: -0.17129925
  pitch: 0.23981896
