timestamps:
  lastteleport: 1499901654304
  login: 1499901652685
  logout: 1499901653494
lastlocation:
  world: LionHUB
  x: 93.5
  y: 45.0
  z: -62.5
  yaw: -359.88382
  pitch: -20.032845
socialspy: false
lastAccountName: 1FS7iWLEAP9WZ1IK
ipAddress: 50.30.248.27
logoutlocation:
  world: LionHUB
  x: 93.5
  y: 45.0
  z: -62.5
  yaw: -359.88382
  pitch: -20.032845
