lastAccountName: ImKinz
timestamps:
  login: 1503544691611
  logout: 1503545080097
ipAddress: 24.147.226.151
socialspy: false
logoutlocation:
  world: FFA
  x: -3.9390290048731202
  y: 4.0
  z: -480.1208492404893
  yaw: -280.10065
  pitch: 16.709122
