timestamps:
  lastteleport: 1499901735233
  login: 1499901705070
  logout: 1499901734421
lastlocation:
  world: LionHUB
  x: 93.35
  y: 45.0
  z: -62.35
  yaw: -359.88382
  pitch: -20.032845
socialspy: false
lastAccountName: ztfba3L7CNc8HEWR
ipAddress: 138.197.130.198
logoutlocation:
  world: LionHUB
  x: 93.5
  y: 45.0
  z: -62.5
  yaw: -359.88382
  pitch: -20.032845
