lastlocation:
  world: lobby_practice
  x: 588.3117946200073
  y: 35.0
  z: -294.6843471340835
  yaw: 323.0
  pitch: 0.0
lastAccountName: progamerassasin
timestamps:
  login: 1517506586068
  lastteleport: 1517506631158
  logout: 1517507089216
ipAddress: 2.85.70.245
money: '0.0'
logoutlocation:
  world: lobby_practice
  x: 602.9446377933376
  y: 36.0
  z: -285.00699418086214
  yaw: 134.71394
  pitch: 30.148308
