lastAccountName: Bright7w7
timestamps:
  login: 1504609802799
  logout: 1504611297601
  lastteleport: 1504609830362
ipAddress: 88.247.147.227
socialspy: false
logoutlocation:
  world: MainLobby
  x: 5.519320403916011
  y: 59.5
  z: 0.22688620524538786
  yaw: 277.9834
  pitch: 14.755534
lastlocation:
  world: LionHUB
  x: 93.58812442893158
  y: 47.0
  z: -48.37279057181203
  yaw: 2.0147386
  pitch: -7.905585
