lastAccountName: IM_HACK
timestamps:
  login: 1505635942515
  logout: 1505635952358
ipAddress: 202.62.16.239
socialspy: false
logoutlocation:
  world: LionHUB
  x: 93.50848809898889
  y: 45.0
  z: -62.54658081977909
  yaw: 1.2886657
  pitch: -1.4110628
