lastlocation:
  world: LionHUB
  x: 949.0246486030171
  y: 37.0
  z: -400.0008986209779
  yaw: 180.44995
  pitch: 14.250033
lastAccountName: thankzaza
timestamps:
  login: 1513164091662
  lastteleport: 1513164112838
  logout: 1513164123096
ipAddress: 115.87.59.4
money: '0.0'
logoutlocation:
  world: MainLobby
  x: 3.300000011920929
  y: 62.0
  z: 5.692232097906526
  yaw: -270.51334
  pitch: 57.576336
