lastAccountName: Happygamerplays
timestamps:
  login: 1502556793537
  lastteleport: 1502556813452
  logout: 1502556916994
ipAddress: 2.123.240.87
socialspy: false
lastlocation:
  world: LionHUB
  x: 93.41060116562593
  y: 48.0
  z: -46.478123446090926
  yaw: -11.563038
  pitch: 4.681073
logoutlocation:
  world: MainLobby
  x: 30.58342584904838
  y: 57.0
  z: -0.2635756460980628
  yaw: -223.25365
  pitch: 28.574945
