lastlocation:
  world: LionHUB
  x: 942.0
  y: 38.0
  z: -415.0
  yaw: 0.0
  pitch: 0.0
lastAccountName: Te_Amo_Balty
timestamps:
  login: 1517005187313
  logout: 1517005261433
ipAddress: 91.106.36.68
logoutlocation:
  world: LionHUB
  x: 941.0888942303187
  y: 37.621296840539195
  z: -401.93674655599705
  yaw: 358.35
  pitch: 28.499998
