lastlocation:
  world: LionHUB
  x: 943.0091765145215
  y: 37.0
  z: -417.4315388522569
  yaw: -0.5648379
  pitch: -3.5336792
lastAccountName: akhan_29
timestamps:
  login: 1512669311828
  logout: 1512669701919
  lastteleport: 1512669397494
ipAddress: 212.237.120.35
logoutlocation:
  world: LionHUB
  x: 939.6114920022629
  y: 37.0
  z: -414.3007358967154
  yaw: 178.30759
  pitch: 23.226162
money: '500.0'
