timestamps:
  lastteleport: 1499901721875
  login: 1499901705897
  logout: 1499901721847
lastlocation:
  world: LionHUB
  x: 93.5
  y: 45.0
  z: -62.5
  yaw: -359.88382
  pitch: -20.032845
socialspy: false
lastAccountName: Rzy35gSxoB1369pu
ipAddress: 82.115.7.160
logoutlocation:
  world: LionHUB
  x: 93.5
  y: 45.0
  z: -62.5
  yaw: -359.88382
  pitch: -20.032845
