lastAccountName: SophiaBrooky
timestamps:
  login: 1504632738529
  lastteleport: 1504632788873
  logout: 1504632990776
ipAddress: 5.54.185.204
socialspy: false
lastlocation:
  world: LionHUB
  x: 92.52788150816033
  y: 47.0
  z: -47.87892835069324
  yaw: 338.74323
  pitch: -4.519764
logoutlocation:
  world: MainLobby
  x: 22.09250830668281
  y: 57.0
  z: 6.723343882364845
  yaw: 298.0392
  pitch: 9.998189
