timestamps:
  lastteleport: 1499901713181
  login: 1499901682324
  logout: 1499901711629
lastlocation:
  world: LionHUB
  x: 93.35
  y: 45.0
  z: -62.35
  yaw: -359.88382
  pitch: -20.032845
socialspy: false
lastAccountName: ssU9OgAWdqhroNkw
ipAddress: 94.22.242.30
logoutlocation:
  world: LionHUB
  x: 93.5
  y: 45.0
  z: -62.5
  yaw: -359.88382
  pitch: -20.032845
