lastlocation:
  world: LionHUB
  x: 942.9395244330399
  y: 38.0
  z: -414.9798036988763
  yaw: -4.153345
  pitch: 2.907533
lastAccountName: soma1234
timestamps:
  login: 1507988281434
  lastteleport: 1507988326887
  logout: 1507988546125
ipAddress: 77.28.32.65
logoutlocation:
  world: LionHUB
  x: 942.0
  y: 38.0
  z: -415.0
  yaw: -4.153345
  pitch: 2.907533
