lastAccountName: skioui
timestamps:
  login: 1504388355106
  logout: 1504388468305
ipAddress: 197.2.212.118
socialspy: false
logoutlocation:
  world: LionHUB
  x: 97.5
  y: 52.0
  z: -62.5
  yaw: 281.37802
  pitch: 87.63846
lastlocation:
  world: LionHUB
  x: 98.83820527238687
  y: 46.0
  z: -64.31122810553093
  yaw: 120.063156
  pitch: 8.858434
