lastlocation:
  world: LionHUB
  x: 699.0343451725761
  y: 6.041335978218077
  z: 3656.657208525071
  yaw: -318.96942
  pitch: 24.96653
lastAccountName: ItsZedboil_VN
timestamps:
  login: 1518850057844
  lastteleport: 1518850106241
  logout: 1518850179042
ipAddress: 112.197.32.236
logoutlocation:
  world: LionHUB
  x: 747.4414887395867
  y: 2.0
  z: 3930.0821422886193
  yaw: -190.3497
  pitch: 54.03983
