timestamps:
  lastteleport: 1499901705132
  login: 1499901702084
  logout: 1499901703862
lastlocation:
  world: LionHUB
  x: 93.5
  y: 45.0
  z: -62.5
  yaw: -359.88382
  pitch: -20.032845
socialspy: false
lastAccountName: zPc9scOJvYXL2fMz
ipAddress: 61.7.228.51
logoutlocation:
  world: LionHUB
  x: 93.5
  y: 45.0
  z: -62.5
  yaw: -359.88382
  pitch: -20.032845
