lastlocation:
  world: LionHUB
  x: 746.4690357418372
  y: 10.0
  z: 3614.1762569817006
  yaw: -0.25546876
  pitch: 13.590099
lastAccountName: EddyTheGamer13
timestamps:
  login: 1517869853235
  logout: 1517869885822
  lastteleport: 1517869870061
ipAddress: 174.72.216.132
logoutlocation:
  world: SkyBlock
  x: 0.4643500808160752
  y: 65.0
  z: 2.8694020633392925
  yaw: 1.8993287
  pitch: 5.300867
money: '0.0'
