timestamps:
  lastteleport: 1499901710182
  login: 1499901680325
  logout: 1499901709128
lastlocation:
  world: LionHUB
  x: 93.5
  y: 45.0
  z: -62.5
  yaw: -359.88382
  pitch: -20.032845
socialspy: false
lastAccountName: N_JJ7uAM3ZbsChOm
ipAddress: 187.109.81.73
logoutlocation:
  world: LionHUB
  x: 93.5
  y: 45.0
  z: -62.5
  yaw: -359.88382
  pitch: -20.032845
