socialspy: false
lastAccountName: InsanitehYT
timestamps:
  login: 1505620959850
  lastteleport: 1505620094875
  logout: 1505620965075
ipAddress: 108.83.114.215
lastlocation:
  world: LionHUB
  x: 91.47255814559894
  y: 48.0
  z: -46.13858733149109
  yaw: -68.04464
  pitch: -17.417992
logoutlocation:
  world: LionHUB
  x: 93.51999108110613
  y: 45.0
  z: -62.30000001192093
  yaw: 0.667994
  pitch: 11.762165
