lastlocation:
  world: LionHUB
  x: 940.5226453105124
  y: 37.0
  z: -405.7915282166696
  yaw: -312.28696
  pitch: 12.801889
lastAccountName: 12_Aron_12
timestamps:
  login: 1511892513584
  lastteleport: 1511892547117
  logout: 1511892615053
ipAddress: 82.168.226.145
money: '0.0'
logoutlocation:
  world: Factions
  x: 60.30000001192092
  y: 63.0
  z: -349.91377894018825
  yaw: -52.676575
  pitch: 33.100533
