lastAccountName: iHakanRS
timestamps:
  login: 1502630900558
  lastteleport: 1502630941835
  logout: 1502630954077
ipAddress: 88.236.106.218
socialspy: false
lastlocation:
  world: LionHUB
  x: 93.40962543293823
  y: 46.0
  z: -77.07760472246862
  yaw: -179.90169
  pitch: 14.312097
logoutlocation:
  world: MainLobby
  x: 9.986936198097084
  y: 57.0
  z: -12.590595870094209
  yaw: 194.0208
  pitch: 2.993064
