socialspy: false
lastAccountName: peachylux_
timestamps:
  login: 1501583087972
  logout: 1501583293644
ipAddress: 173.218.131.164
logoutlocation:
  world: LionHUB
  x: 97.25141551308955
  y: 46.0
  z: -57.13545344308294
  yaw: 339.98242
  pitch: 36.088917
