lastAccountName: Yaya82
timestamps:
  login: 1502440362305
  logout: 1502440363316
ipAddress: 90.60.58.82
socialspy: false
logoutlocation:
  world: LionHUB
  x: 93.51999108110613
  y: 45.0
  z: -62.30000001192093
  yaw: -0.66321254
  pitch: 11.012164
