socialspy: false
lastAccountName: VuaSkywars
timestamps:
  login: 1506147912794
  logout: 1506148005600
ipAddress: 123.16.215.194
logoutlocation:
  world: LionHUB
  x: 93.50848809898889
  y: 45.0
  z: -62.54658081977909
  yaw: 0.38867807
  pitch: 29.188936
