lastlocation:
  world: LionHUB
  x: 747.4608215150743
  y: 10.0
  z: 3610.6466629671236
  yaw: -349.09143
  pitch: 8.44282
lastAccountName: Pig3enErBae
timestamps:
  login: 1519503149106
  lastteleport: 1519503317267
  logout: 1519503344283
ipAddress: 212.112.155.115
money: '0.0'
logoutlocation:
  world: SkyBlock
  x: 1.064191472789019
  y: 64.0
  z: -32.650923027563564
  yaw: -177.55049
  pitch: 17.1776
