lastlocation:
  world: MainLobby
  x: 5.708032579651303
  y: 59.53584062504456
  z: 0.3313274567148219
  yaw: -93.05
  pitch: -0.24999991
lastAccountName: henri_hyseni
timestamps:
  login: 1514548883491
  lastteleport: 1514548939964
  logout: 1514549000124
ipAddress: 83.153.154.88
money: '0.0'
logoutlocation:
  world: MainLobby
  x: 36.5586250301833
  y: 57.5
  z: 2.486156162091715
  yaw: 278.94983
  pitch: 15.800012
