lastAccountName: xXKevinXx
timestamps:
  login: 1503062591807
  logout: 1503062665455
ipAddress: 195.168.209.3
socialspy: false
logoutlocation:
  world: LionHUB
  x: 93.86519330656526
  y: 47.0
  z: -48.81338057934153
  yaw: 13.2886305
  pitch: 0.53896284
