lastAccountName: lucan3_yt
timestamps:
  login: 1506274787809
  logout: 1506274800509
ipAddress: 78.0.220.251
socialspy: false
logoutlocation:
  world: LionHUB
  x: 93.5464567879244
  y: 46.0
  z: -58.67468943275945
  yaw: 354.92676
  pitch: 10.003756
