lastAccountName: Ronnie327
timestamps:
  login: 1502397883446
  logout: 1502397899759
ipAddress: 67.244.42.48
socialspy: false
logoutlocation:
  world: LionHUB
  x: 93.10210855112958
  y: 47.0
  z: -50.0377188016818
  yaw: -192.88792
  pitch: 19.816128
