lastlocation:
  world: LionHUB
  x: 942.0
  y: 38.0
  z: -415.0
  yaw: 0.0
  pitch: 0.0
lastAccountName: TimelessClock
timestamps:
  login: 1513474245676
  logout: 1513474292486
ipAddress: 105.186.66.193
logoutlocation:
  world: LionHUB
  x: 981.1177153831281
  y: 37.5
  z: -438.0176619117895
  yaw: 132.60025
  pitch: 7.499996
