lastlocation:
  world: LionHUB
  x: 755.4542411039902
  y: 5.0
  z: 3573.141081129082
  yaw: -132.31866
  pitch: 6.0590715
lastAccountName: Ganerumo
timestamps:
  login: 1517595752657
  lastteleport: 1517595803011
  logout: 1517595837818
ipAddress: 31.167.200.68
money: '0.0'
logoutlocation:
  world: MainLobby
  x: 1.1725715851575411
  y: 60.0
  z: 1.0996615250524684
  yaw: -241.09465
  pitch: 20.320663
