lastlocation:
  world: LionHUB
  x: 746.4592455243042
  y: 10.0
  z: 3608.7898504515924
  yaw: -0.10546875
  pitch: -4.859901
lastAccountName: NikeboyDuke
timestamps:
  login: 1518971798080
  logout: 1518971892993
ipAddress: 172.75.205.151
logoutlocation:
  world: LionHUB
  x: 793.441339460668
  y: 15.984631091144774
  z: 3648.495686600443
  yaw: -133.4563
  pitch: 20.70003
