lastlocation:
  world: skywars
  x: 102.5
  y: 150.0
  z: -129.5
  yaw: -2.2522888
  pitch: -12.645975
lastAccountName: jose_pokemon
timestamps:
  login: 1516467259079
  lastteleport: 1516467274571
  logout: 1516468321030
ipAddress: 79.167.124.199
money: '500.0'
logoutlocation:
  world: LionHUB
  x: 905.8128544122611
  y: 38.0
  z: -452.92088751111874
  yaw: -3.4140375
  pitch: 6.975123
