lastlocation:
  world: map
  x: -990.5
  y: 87.0
  z: 275.5
  yaw: -0.36170167
  pitch: -1.8668555
lastAccountName: Fqaxl
timestamps:
  login: 1519603909371
  logout: 1519604191746
  lastteleport: 1519604084426
ipAddress: 76.185.32.163
logoutlocation:
  world: map
  x: -982.9876821387776
  y: 13.0
  z: 277.8394391927523
  yaw: 61.367615
  pitch: 7.2588086
money: '0.0'
