lastlocation:
  world: map
  x: -990.5
  y: 87.0
  z: 275.5
  yaw: -0.36170167
  pitch: -1.8668555
lastAccountName: Craaziedk
timestamps:
  login: 1517856473135
  lastteleport: 1517856532982
  logout: 1517856560753
ipAddress: 73.121.181.69
money: '0.0'
logoutlocation:
  world: map
  x: -1022.4574458360063
  y: 15.5
  z: 305.6079490603734
  yaw: 70.941315
  pitch: 12.84664
