lastlocation:
  world: LionHUB
  x: 751.2040149711652
  y: 9.5
  z: 3620.5932166124185
  yaw: -40.481953
  pitch: 0.5914531
lastAccountName: xCheezPvP
timestamps:
  login: 1519619557201
  lastteleport: 1519619648425
  logout: 1519619683237
ipAddress: 68.4.124.228
money: '0.0'
logoutlocation:
  world: FFA
  x: 29.39173350401738
  y: 28.0
  z: -701.5327444333498
  yaw: 74.19201
  pitch: 11.303319
