timestamps:
  lastteleport: 1498383533456
  login: 1498383517265
  logout: 1498383531201
lastlocation:
  world: LionHUB
  x: 30.5
  y: 67.0
  z: 15.5
  yaw: 90.11987
  pitch: -0.34908158
lastAccountName: hunterfor
ipAddress: 106.69.78.141
socialspy: false
logoutlocation:
  world: LionHUB
  x: 30.5
  y: 67.0
  z: 15.5
  yaw: 90.11987
  pitch: -0.34908158
