lastAccountName: BarbossaTV
timestamps:
  login: 1506440507118
  logout: 1506440596157
ipAddress: 151.70.202.74
socialspy: false
logoutlocation:
  world: LionHUB
  x: 93.0297880198615
  y: 47.0
  z: -49.70395032917413
  yaw: 171.83127
  pitch: 27.059025
