lastlocation:
  world: LionHUB
  x: 707.0091990611089
  y: 5.5
  z: 3611.2214511392344
  yaw: -12.430255
  pitch: -7.063727
lastAccountName: Bobby0606
timestamps:
  login: 1517719300645
  lastteleport: 1517719478157
  logout: 1517719699255
ipAddress: 65.191.17.96
money: '0.0'
logoutlocation:
  world: MainLobby
  x: 18.679753328777018
  y: 57.0
  z: 0.9553509871165315
  yaw: 267.75916
  pitch: -7.56839
