timestamps:
  lastteleport: 1499901655947
  login: 1499901644636
  logout: 1499901653494
lastlocation:
  world: LionHUB
  x: 93.35
  y: 45.0
  z: -62.35
  yaw: -359.88382
  pitch: -20.032845
lastAccountName: uyd70B2IsGzIQVku
ipAddress: 202.166.194.191
socialspy: false
logoutlocation:
  world: LionHUB
  x: 93.5
  y: 45.0
  z: -62.5
  yaw: -359.88382
  pitch: -20.032845
