lastAccountName: _Ali_King_
timestamps:
  login: 1504100467934
  lastteleport: 1504100764450
  logout: 1504101901942
ipAddress: 62.201.226.20
socialspy: false
lastlocation:
  world: SkyBlock
  x: 675.5647425116921
  y: 67.0
  z: -224.67830248592682
  yaw: 151.14127
  pitch: 6.4401903
logoutlocation:
  world: SkyBlock
  x: 3.9499999880790715
  y: 66.0
  z: 20.796564202368675
  yaw: 86.0974
  pitch: 80.807495
