lastlocation:
  world: LionHUB
  x: 943.0195191088159
  y: 38.0
  z: -414.25812266697704
  yaw: -0.47781372
  pitch: -3.5336792
lastAccountName: mirjanq
timestamps:
  login: 1512236347153
  logout: 1512236400055
  lastteleport: 1510842834836
ipAddress: 77.177.231.126
logoutlocation:
  world: LionHUB
  x: 945.4092824229143
  y: 37.0
  z: -419.53171319519777
  yaw: 167.67218
  pitch: 22.416313
