lastlocation:
  world: Factions
  x: 125.95311461295921
  y: 63.0
  z: -216.92419112694458
  yaw: 67.77777
  pitch: 14.553638
