timestamps:
  lastteleport: 1499374214451
  login: 1499374207947
  logout: 1499374213347
lastlocation:
  world: LionHUB
  x: 93.5
  y: 45.0
  z: -62.5
  yaw: -186.61589
  pitch: 16.64999
lastAccountName: TheRealGU
ipAddress: 76.216.126.101
socialspy: false
logoutlocation:
  world: LionHUB
  x: 93.5
  y: 45.0
  z: -62.5
  yaw: -179.4159
  pitch: 90.0
