timestamps:
  lastteleport: 1499901679156
  login: 1499901678026
  logout: 1499901678498
lastlocation:
  world: LionHUB
  x: 93.5
  y: 45.0
  z: -62.5
  yaw: -359.88382
  pitch: -20.032845
lastAccountName: dmAcZjSyLPT5wB9l
ipAddress: 85.224.183.114
socialspy: false
logoutlocation:
  world: LionHUB
  x: 93.5
  y: 45.0
  z: -62.5
  yaw: -359.88382
  pitch: -20.032845
