lastlocation:
  world: LionHUB
  x: 93.51999108110613
  y: 45.0
  z: -62.30000001192093
  yaw: 358.7368
  pitch: 11.762165
lastAccountName: trin_da_kittenXD
timestamps:
  login: 1506629296104
  logout: 1506629321403
ipAddress: 198.8.84.198
socialspy: false
logoutlocation:
  world: LionHUB
  x: 93.5243127214635
  y: 45.5
  z: -62.0505526946338
  yaw: -104.30331
  pitch: -12.435682
