timestamps:
  lastteleport: 1499901680344
  login: 1499901668554
  logout: 1499901678498
lastlocation:
  world: LionHUB
  x: 93.35
  y: 45.0
  z: -62.35
  yaw: -359.88382
  pitch: -20.032845
socialspy: false
lastAccountName: VTOr0VBQ5RTenIKi
ipAddress: 185.56.92.182
logoutlocation:
  world: LionHUB
  x: 93.5
  y: 45.0
  z: -62.5
  yaw: -359.88382
  pitch: -20.032845
