lastlocation:
  world: FFA
  x: 23.574612052847286
  y: 28.0
  z: -714.5818113043114
  yaw: -217.94417
  pitch: -3.956128
lastAccountName: ntinosgiak
timestamps:
  login: 1517769621241
  lastteleport: 1517327491631
  logout: 1517769720191
ipAddress: 79.107.172.158
money: '0.0'
logoutlocation:
  world: FFAnormal
  x: 11.52148343056138
  y: 14.5
  z: 1.969879795297293
  yaw: 263.8848
  pitch: 22.970263
