socialspy: false
lastAccountName: sbens92
timestamps:
  login: 1502563783350
  logout: 1502563801305
ipAddress: 69.40.90.24
logoutlocation:
  world: LionHUB
  x: 93.59706551851126
  y: 46.0
  z: -56.7639038542238
  yaw: 154.7944
  pitch: 17.291773
