lastlocation:
  world: LionHUB
  x: 952.4943757123253
  y: 53.0
  z: -430.4643146152108
  yaw: -313.26407
  pitch: 32.767605
lastAccountName: AngelTheGreek
timestamps:
  login: 1516532081874
  logout: 1516532374075
  lastteleport: 1516532325179
ipAddress: 94.68.61.225
logoutlocation:
  world: parkour
  x: 0.16215628050346148
  y: 19.5
  z: 0.8232986560286095
  yaw: 141.81105
  pitch: 29.721672
money: '0.0'
