lastlocation:
  world: LionHUB
  x: 942.2768495397337
  y: 38.0
  z: -363.02944787627234
  yaw: 0.8224876
  pitch: -1.4393537
lastAccountName: Saahir
timestamps:
  login: 1513803223541
  lastteleport: 1513803242237
  logout: 1513803259282
ipAddress: 2.25.80.207
money: '0.0'
logoutlocation:
  world: MainLobby
  x: 8.573293006481636
  y: 60.0
  z: 0.5576809541302614
  yaw: -62.36021
  pitch: -3.4282494
