lastlocation:
  world: LionHUB
  x: 754.3595025598205
  y: 5.0
  z: 3573.345177936077
  yaw: 238.776
  pitch: 9.653637
lastAccountName: kickassbro
timestamps:
  login: 1518097716482
  logout: 1518097748499
ipAddress: 110.139.145.91
logoutlocation:
  world: LionHUB
  x: 767.1118339625614
  y: 5.0
  z: 3640.33025732756
  yaw: -76.534874
  pitch: 13.951666
