timestamps:
  lastteleport: 1499544743086
  login: 1499544655745
  logout: 1499544741683
lastlocation:
  world: LionHUB
  x: 87.30000001192093
  y: 46.0
  z: -64.69999998807906
  yaw: -297.95697
  pitch: 12.8754
lastAccountName: zShadowGamerBR_
ipAddress: 201.87.251.58
socialspy: false
logoutlocation:
  world: LionHUB
  x: 93.5
  y: 44.0
  z: -62.5
  yaw: -179.4159
  pitch: 90.0
