timestamps:
  lastteleport: 1499901685648
  login: 1499901668090
  logout: 1499901685413
lastlocation:
  world: LionHUB
  x: 93.35
  y: 45.0
  z: -62.35
  yaw: -359.88382
  pitch: -20.032845
lastAccountName: fbYPwrLgIeqlEZxM
socialspy: false
ipAddress: 149.202.38.124
logoutlocation:
  world: LionHUB
  x: 93.5
  y: 45.0
  z: -62.5
  yaw: -359.88382
  pitch: -20.032845
