lastlocation:
  world: LionHUB
  x: 891.1484419543034
  y: 38.0
  z: -415.8938417910777
  yaw: 101.82221
  pitch: -1.8836867
lastAccountName: johny
timestamps:
  login: 1511360739183
  lastteleport: 1511360799995
  logout: 1511361809972
ipAddress: 86.125.51.206
logoutlocation:
  world: SkyBlock
  x: 5.934455358716626
  y: 64.0
  z: 6.392543900129759
  yaw: 19.59961
  pitch: 6.650869
