timestamps:
  lastteleport: 1499901680926
  login: 1499901680237
  logout: 1499901680566
lastlocation:
  world: LionHUB
  x: 93.5
  y: 45.0
  z: -62.5
  yaw: -359.88382
  pitch: -20.032845
lastAccountName: IRZbSw9xuUf3ENBi
ipAddress: 143.0.64.40
socialspy: false
logoutlocation:
  world: LionHUB
  x: 93.5
  y: 45.0
  z: -62.5
  yaw: -359.88382
  pitch: -20.032845
