lastlocation:
  world: LionHUB
  x: 747.0739707270965
  y: 2.0
  z: 3927.779049290829
  yaw: -174.75208
  pitch: 0.56234294
