lastAccountName: jebrainmomede
timestamps:
  login: 1503576794494
  logout: 1503576797394
ipAddress: 82.243.101.101
socialspy: false
logoutlocation:
  world: LionHUB
  x: 93.0866125881075
  y: 45.5
  z: -62.057984573748804
  yaw: 1.8525933
  pitch: 2.3902283
