socialspy: false
lastAccountName: JXPlays77
timestamps:
  login: 1504992301623
  lastteleport: 1504992216667
  logout: 1504992339592
ipAddress: 88.201.110.228
lastlocation:
  world: LionHUB
  x: 94.73198406690668
  y: 46.0
  z: -57.30514686821279
  yaw: -18.990309
  pitch: 4.9667788
logoutlocation:
  world: LionHUB
  x: 95.58763556373763
  y: 46.0
  z: -58.38031432857843
  yaw: 241.59796
  pitch: 33.33014
