timestamps:
  lastteleport: 1499675995078
  login: 1513901781894
  logout: 1513901811143
lastlocation:
  world: LionHUB
  x: 943.0195191088159
  y: 38.0
  z: -414.25812266697704
  yaw: -0.47781372
  pitch: -3.5336792
lastAccountName: Notch
ipAddress: 174.231.10.222
socialspy: false
logoutlocation:
  world: LionHUB
  x: 942.8322908298443
  y: 38.0
  z: -415.0
  yaw: -87.599945
  pitch: -10.050001
