timestamps:
  lastteleport: 1499901660697
  login: 1499901629116
  logout: 1499901658494
lastlocation:
  world: LionHUB
  x: 93.35
  y: 45.0
  z: -62.35
  yaw: -359.88382
  pitch: -20.032845
lastAccountName: E769xSgIX1JiSwSP
ipAddress: 213.136.89.190
socialspy: false
logoutlocation:
  world: LionHUB
  x: 93.5
  y: 45.0
  z: -62.5
  yaw: -359.88382
  pitch: -20.032845
