lastlocation:
  world: LionHUB
  x: 943.1703397147446
  y: 38.0
  z: -466.964300756098
  yaw: -185.27617
  pitch: 8.91629
lastAccountName: arsany21
timestamps:
  login: 1516393145750
  logout: 1516393449099
  lastteleport: 1516393286990
ipAddress: 156.204.255.103
logoutlocation:
  world: Factions
  x: 149.590824296647
  y: 68.0
  z: -309.79267576839885
  yaw: 54.57282
  pitch: 12.550544
money: '0.0'
