lastlocation:
  world: LionHUB
  x: 942.0
  y: 38.0
  z: -415.0
  yaw: 0.0
  pitch: 0.0
lastAccountName: Tobiasnonved
timestamps:
  login: 1513889576395
  logout: 1513889581768
ipAddress: 2.110.80.28
logoutlocation:
  world: LionHUB
  x: 942.0
  y: 38.0
  z: -415.0
  yaw: 6.955046
  pitch: 0.8792038
