lastlocation:
  world: FFA
  x: 29.74232541728779
  y: 28.0
  z: -704.6019523725403
  yaw: -13.2986145
  pitch: 13.551912
lastAccountName: fat_bong_ripper
timestamps:
  login: 1518187808345
  lastteleport: 1518019249063
  logout: 1518187812704
ipAddress: 90.224.122.10
money: '500.0'
logoutlocation:
  world: LionHUB
  x: 746.4584938810663
  y: 10.0
  z: 3609.2070071163093
  yaw: 0.4435691
  pitch: -2.8206172
