timestamps:
  lastteleport: 1499901703309
  login: 1499901674589
  logout: 1499901702189
lastlocation:
  world: LionHUB
  x: 93.5
  y: 45.0
  z: -62.5
  yaw: -359.88382
  pitch: -20.032845
socialspy: false
lastAccountName: xJgFm8n8mI_egWvm
ipAddress: 218.61.3.229
logoutlocation:
  world: LionHUB
  x: 93.5
  y: 45.0
  z: -62.5
  yaw: -359.88382
  pitch: -20.032845
