lastlocation:
  world: LionHUB
  x: 93.50848809898889
  y: 45.0
  z: -62.54658081977909
  yaw: 1.2886657
  pitch: -1.4110628
lastAccountName: ricedude123
timestamps:
  login: 1506554656986
  logout: 1506554791270
ipAddress: 108.86.130.104
socialspy: false
logoutlocation:
  world: LionHUB
  x: 94.18281137766868
  y: 46.0
  z: -67.18418535139348
  yaw: 338.17813
  pitch: 11.984219
