lastlocation:
  world: LionHUB
  x: 942.9395244330399
  y: 38.0
  z: -414.9798036988763
  yaw: -4.153345
  pitch: 2.907533
lastAccountName: CrafTxMojang
timestamps:
  login: 1508086753769
  logout: 1508086882711
ipAddress: 98.202.76.17
logoutlocation:
  world: LionHUB
  x: 905.9430586213776
  y: 37.0
  z: -410.19990125799484
  yaw: 124.99656
  pitch: 12.357541
