lastlocation:
  world: skywars
  x: 102.5
  y: 150.0
  z: -129.5
  yaw: -2.2522888
  pitch: -12.645975
lastAccountName: AlphaDavid1
timestamps:
  login: 1517061055725
  lastteleport: 1516633534042
  logout: 1517061217738
ipAddress: 94.46.87.11
money: '500.0'
logoutlocation:
  world: LionHUB
  x: 905.577688205402
  y: 39.919862806040186
  z: -452.142824263384
  yaw: 136.46803
  pitch: 0.07428131
