lastlocation:
  world: LionHUB
  x: 942.8946444296445
  y: 38.0
  z: -363.0704611721861
  yaw: 352.7532
  pitch: 28.299166
lastAccountName: Cfan_Arame
timestamps:
  login: 1512273118661
  logout: 1512273350326
  lastteleport: 1512273227885
ipAddress: 222.254.103.194
logoutlocation:
  world: MainLobby
  x: 23.401206377985453
  y: 57.0
  z: 15.956805340282838
  yaw: -203.87866
  pitch: 13.456308
money: '0.0'
