lastAccountName: Try4_hadikob
timestamps:
  login: 1508154952064
  lastteleport: 1505608869797
  logout: 1508155018542
ipAddress: 136.62.165.208
socialspy: false
lastlocation:
  world: LionHUB
  x: 942.9395244330399
  y: 38.0
  z: -414.9798036988763
  yaw: -4.153345
  pitch: 2.907533
logoutlocation:
  world: LionHUB
  x: 937.484899740678
  y: 37.0
  z: -409.3972078978672
  yaw: -125.65347
  pitch: 11.999998
