lastlocation:
  world: LionHUB
  x: 943.0644037800563
  y: 38.0
  z: -414.69615849648756
  yaw: 358.24664
  pitch: 1.7075297
lastAccountName: TotoClown
timestamps:
  login: 1507121622573
  logout: 1507121659422
ipAddress: 94.226.233.68
socialspy: false
logoutlocation:
  world: LionHUB
  x: 941.9852466286858
  y: 38.0
  z: -414.17439716750965
  yaw: 65.721924
  pitch: 0.0980885
