lastlocation:
  world: LionHUB
  x: 699.1623437645067
  y: 6.252203340253724
  z: 3656.278038464037
  yaw: 60.19449
  pitch: 11.790107
lastAccountName: fatdaddy56
timestamps:
  login: 1519965560156
  lastteleport: 1519965768042
  logout: 1519965926967
ipAddress: 50.100.90.16
logoutlocation:
  world: LionHUB
  x: 748.7692024126364
  y: 2.0
  z: 3924.9920075946516
  yaw: 285.72192
  pitch: 15.749982
