lastlocation:
  world: LionHUB
  x: 942.9847941585354
  y: 38.0
  z: -414.80756805231493
  yaw: -359.53693
  pitch: 4.701889
socialspy: false
lastAccountName: FolderGamerTM
timestamps:
  login: 1507459480090
  logout: 1507459597589
ipAddress: 31.1.30.142
logoutlocation:
  world: LionHUB
  x: 903.2312277458717
  y: 37.0
  z: -404.2188629964142
  yaw: 302.44666
  pitch: 5.6075335
