lastlocation:
  world: LionHUB
  x: 942.1726839199491
  y: 38.0
  z: -363.104765365843
  yaw: 2.2868907
  pitch: 6.4041224
lastAccountName: youssefPR
timestamps:
  login: 1510777040063
  lastteleport: 1510777071161
  logout: 1510777080295
ipAddress: 41.140.127.87
logoutlocation:
  world: MainLobby
  x: 16.05674374922181
  y: 57.0
  z: 0.611169942447258
  yaw: -95.14186
  pitch: -7.6222644
