timestamps:
  lastteleport: 1499966822276
  login: 1499966767542
  logout: 1499966822274
lastlocation:
  world: LionHUB
  x: 92.5103534148732
  y: 46.0
  z: -58.64836821253579
  yaw: -23.83313
  pitch: 30.561764
lastAccountName: thanosole
socialspy: false
ipAddress: 87.202.178.220
logoutlocation:
  world: LionHUB
  x: 93.5
  y: 45.0
  z: -62.5
  yaw: -359.88382
  pitch: -20.032845
