lastlocation:
  world: parkour
  x: 977.8380557157695
  y: 5.564760897983797
  z: 1007.3205599621817
  yaw: 90.94998
  pitch: 37.05
lastAccountName: Kakashi_HatakeYT
timestamps:
  login: 1511914963803
  lastteleport: 1511915161224
  logout: 1511915505882
ipAddress: 72.239.30.115
money: '0.0'
logoutlocation:
  world: parkour
  x: 983.5
  y: 29.0
  z: 1000.5
  yaw: 357.0499
  pitch: 34.50003
