timestamps:
  lastteleport: 1498477192054
  login: 1498477159929
  logout: 1498477189698
lastlocation:
  world: LionHUB
  x: 19.394103201605503
  y: 65.0
  z: 16.163230387140956
  yaw: 108.56986
  pitch: -6.4990816
lastAccountName: MkDonkor
ipAddress: 90.205.61.75
socialspy: false
logoutlocation:
  world: LionHUB
  x: 30.5
  y: 67.0
  z: 15.5
  yaw: 90.11987
  pitch: -0.34908158
