lastlocation:
  world: LionHUB
  x: 981.6999999880791
  y: 38.0
  z: -452.20077800397473
  yaw: -130.79987
  pitch: 10.349998
lastAccountName: EpicMealTime
timestamps:
  login: 1514448208091
  logout: 1514448233292
ipAddress: 69.136.113.143
money: '0.0'
logoutlocation:
  world: FFA
  x: 25.398846616606935
  y: 28.0
  z: -707.8394578265494
  yaw: -178.65306
  pitch: -4.099716
