lastAccountName: karanb101
timestamps:
  login: 1504146912309
  lastteleport: 1504146937511
  logout: 1504147104400
ipAddress: 68.145.84.227
socialspy: false
lastlocation:
  world: LionHUB
  x: 92.75556046881766
  y: 46.0
  z: -57.38468713205485
  yaw: -158.05623
  pitch: 8.009792
logoutlocation:
  world: MainLobby
  x: 13.563443254040934
  y: 57.0
  z: 5.223791661081895
  yaw: -24.525965
  pitch: 24.448141
