lastlocation:
  world: LionHUB
  x: 746.4592455243042
  y: 10.0
  z: 3608.7898504515924
  yaw: -0.10546875
  pitch: -4.859901
lastAccountName: RagnarVK
timestamps:
  login: 1518945667146
  logout: 1518945803325
ipAddress: 83.233.139.71
logoutlocation:
  world: LionHUB
  x: 793.1847975170049
  y: 5.162141421026987
  z: 3586.510791951473
  yaw: 90.267944
  pitch: 11.399992
