lastAccountName: Timsuru
timestamps:
  login: 1505555572690
  logout: 1505555711140
ipAddress: 46.11.34.193
socialspy: false
logoutlocation:
  world: LionHUB
  x: 94.18305758243261
  y: 47.0
  z: -50.48735374654431
  yaw: -202.11137
  pitch: -8.161076
