timestamps:
  lastteleport: 1499901631362
  login: 1499901628659
  logout: 1499901630608
lastlocation:
  world: LionHUB
  x: 93.5
  y: 45.0
  z: -62.5
  yaw: -359.88382
  pitch: -20.032845
lastAccountName: mIJc_dXWDYnOl60s
ipAddress: 108.61.4.67
socialspy: false
logoutlocation:
  world: LionHUB
  x: 93.5
  y: 45.0
  z: -62.5
  yaw: -359.88382
  pitch: -20.032845
