lastlocation:
  world: FFASoup
  x: 1.5
  y: 6.0
  z: 0.5
  yaw: -1.7804191
  pitch: 31.561983
lastAccountName: ItxFaker
timestamps:
  login: 1511801809492
  logout: 1511802715829
ipAddress: 46.80.161.27
money: '0.0'
logoutlocation:
  world: FFASoup
  x: -8.214488094720489
  y: 6.0
  z: 6.4044797951446855
  yaw: 0.30419922
  pitch: 15.750064
