timestamps:
  lastteleport: 1499901639341
  login: 1499901635483
lastlocation:
  world: LionHUB
  x: 93.35
  y: 45.0
  z: -62.35
  yaw: -359.88382
  pitch: -20.032845
socialspy: false
lastAccountName: kGaBd3o4bbXHPVE8
ipAddress: 85.224.183.114
logoutlocation:
  world: LionHUB
  x: 93.5
  y: 45.0
  z: -62.5
  yaw: -359.88382
  pitch: -20.032845
