lastlocation:
  world: LionHUB
  x: 943.0644037800563
  y: 38.0
  z: -414.69615849648756
  yaw: -1.7533569
  pitch: 1.7075297
socialspy: false
lastAccountName: beer509
timestamps:
  login: 1507326947332
  logout: 1507326971700
ipAddress: 101.185.113.37
logoutlocation:
  world: LionHUB
  x: 947.1973570644979
  y: 37.0
  z: -415.57978000684466
  yaw: 130.81276
  pitch: -0.48975325
