lastlocation:
  world: LionHUB
  x: 943.0195191088159
  y: 38.0
  z: -414.25812266697704
  yaw: -0.47781372
  pitch: -3.5336792
lastAccountName: fluffy_chicken73
timestamps:
  login: 1510433839080
  logout: 1510433931119
ipAddress: 108.86.130.104
logoutlocation:
  world: LionHUB
  x: 942.0666496809386
  y: 38.0
  z: -414.0600575107056
  yaw: 164.56294
  pitch: 25.101894
