timestamps:
  lastteleport: 1499182973148
  login: 1499182968195
  logout: 1499182972345
lastlocation:
  world: LionHUB
  x: 93.33264567896913
  y: 45.0
  z: -62.89626073809817
  yaw: -171.31593
  pitch: 18.449999
socialspy: false
lastAccountName: CeuZz
ipAddress: 81.213.177.42
logoutlocation:
  world: LionHUB
  x: 93.5
  y: 45.0
  z: -62.5
  yaw: -179.4159
  pitch: 90.0
