lastlocation:
  world: LionHUB
  x: 943.0195191088159
  y: 38.0
  z: -414.25812266697704
  yaw: -0.47781372
  pitch: -3.5336792
lastAccountName: jordy_kyra
timestamps:
  login: 1513868919114
  lastteleport: 1508695993180
  logout: 1513868925412
ipAddress: 84.28.129.53
logoutlocation:
  world: LionHUB
  x: 943.5542930556958
  y: 41.01083988812787
  z: -371.3005551285511
  yaw: -0.74840766
  pitch: 11.890196
money: '523700'
afk: false
