socialspy: false
lastAccountName: senolsangari
timestamps:
  login: 1502634670299
  logout: 1502634675810
ipAddress: 88.236.106.218
logoutlocation:
  world: LionHUB
  x: 93.50848809898889
  y: 45.0
  z: -62.54658081977909
  yaw: 3.5887632
  pitch: 4.2113986
