lastlocation:
  world: MainLobby
  x: -2.6999999880790706
  y: 61.78502770378924
  z: 2.803981140425724
  yaw: -173.97719
  pitch: 34.22125
lastAccountName: KingNoah2010
timestamps:
  login: 1512944883431
  logout: 1512946233830
  lastteleport: 1512944902646
ipAddress: 107.11.64.98
money: '0.0'
logoutlocation:
  world: MainLobby
  x: 0.6999999880790714
  y: 57.5
  z: 12.286987614876063
  yaw: -180.4048
  pitch: 63.18697
