lastlocation:
  world: LionHUB
  x: 746.4592455243042
  y: 10.0
  z: 3608.7898504515924
  yaw: -0.10546875
  pitch: -4.859901
lastAccountName: Yosephh
timestamps:
  login: 1518804398864
  lastteleport: 1518804452933
  logout: 1518804543058
ipAddress: 83.233.139.71
logoutlocation:
  world: LionHUB
  x: 743.4904347168449
  y: 5.0
  z: 3655.699999988079
  yaw: 9.846595
  pitch: 22.545872
