timestamps:
  lastteleport: 1499901676321
  login: 1499901675112
lastlocation:
  world: LionHUB
  x: 49.23790120048649
  y: 4.0
  z: -91.5082848756997
  yaw: 92.28638
  pitch: 74.49833
lastAccountName: j1fyAsEB4iF3TFxN
ipAddress: 108.61.4.67
socialspy: false
logoutlocation:
  world: LionHUB
  x: 49.23790120048649
  y: 4.0
  z: -91.5082848756997
  yaw: 92.28638
  pitch: 74.49833
