timestamps:
  lastteleport: 1498289335283
  login: 1498289324240
  logout: 1498289334479
lastlocation:
  world: LionHUB
  x: 30.5
  y: 67.0
  z: 15.5
  yaw: 90.11987
  pitch: -0.34908158
lastAccountName: BURAAKA
ipAddress: 188.72.150.66
socialspy: false
logoutlocation:
  world: LionHUB
  x: 30.5
  y: 67.0
  z: 15.5
  yaw: 90.11987
  pitch: -0.34908158
