timestamps:
  lastteleport: 1498404365469
  login: 1498404325626
  logout: 1498404365115
lastlocation:
  world: LionHUB
  x: 24.03167488926626
  y: 66.7531999805212
  z: 16.484424790374003
  yaw: -76.32687
  pitch: 36.655663
lastAccountName: Tio_Willie
ipAddress: 77.90.104.136
socialspy: false
logoutlocation:
  world: LionHUB
  x: 30.5
  y: 67.0
  z: 15.5
  yaw: 90.11987
  pitch: -0.34908158
