lastlocation:
  world: skywars
  x: 103.24754548625616
  y: 153.0
  z: -144.73559107798718
  yaw: 172.97357
  pitch: 9.296846
lastAccountName: benjie77x
timestamps:
  login: 1513609647819
  logout: 1513609738618
  lastteleport: 1513609277615
ipAddress: 111.125.111.223
logoutlocation:
  world: LionHUB
  x: 904.902320989778
  y: 38.0
  z: -451.95566094517227
  yaw: 152.60825
  pitch: 0.70089674
money: '500.0'
