timestamps:
  lastteleport: 1499901720580
  login: 1499901705533
  logout: 1499901719195
lastlocation:
  world: LionHUB
  x: 93.5
  y: 45.0
  z: -62.5
  yaw: -359.88382
  pitch: -20.032845
socialspy: false
lastAccountName: y_PdLY19CdQaKGrj
ipAddress: 175.138.65.245
logoutlocation:
  world: LionHUB
  x: 93.5
  y: 45.0
  z: -62.5
  yaw: -359.88382
  pitch: -20.032845
