lastlocation:
  world: LionHUB
  x: 943.0644037800563
  y: 38.0
  z: -414.69615849648756
  yaw: 359.14664
  pitch: 1.1075298
lastAccountName: TreyDupont
timestamps:
  login: 1507231812324
  logout: 1507231840796
ipAddress: 78.181.210.216
socialspy: false
logoutlocation:
  world: LionHUB
  x: 942.9999285738918
  y: 38.0
  z: -414.0323681510929
  yaw: 289.06314
  pitch: 26.60188
