timestamps:
  lastteleport: 1499901681534
  login: 1499901651802
  logout: 1499901680566
lastlocation:
  world: LionHUB
  x: 93.5
  y: 45.0
  z: -62.5
  yaw: -359.88382
  pitch: -20.032845
socialspy: false
lastAccountName: VVoE2VzgsqeMjm4E
ipAddress: 74.208.164.201
logoutlocation:
  world: LionHUB
  x: 93.5
  y: 45.0
  z: -62.5
  yaw: -359.88382
  pitch: -20.032845
