lastlocation:
  world: Factions
  x: 53.69999998807907
  y: 3.1440000474453007
  z: 29.92500001192093
  yaw: -320.12744
  pitch: 15.000006
