lastAccountName: FrelixkunYT
timestamps:
  login: 1501650328461
  lastteleport: 1501650381079
  logout: 1501650485051
ipAddress: 36.75.55.27
socialspy: false
lastlocation:
  world: LionHUB
  x: 93.70403155309155
  y: 47.0
  z: -48.27052962272391
  yaw: 8.638702
  pitch: -18.961061
logoutlocation:
  world: MainLobby
  x: 7.622928067338005
  y: 59.0
  z: 1.2893055067928327
  yaw: 259.51907
  pitch: 22.704256
