lastlocation:
  world: LionHUB
  x: 93.5157032195857
  y: 45.5
  z: -62.017835070886065
  yaw: 35.63867
  pitch: 3.688938
lastAccountName: CieeDibunuh
timestamps:
  login: 1506681161526
  logout: 1506681198716
ipAddress: 111.95.2.148
socialspy: false
logoutlocation:
  world: LionHUB
  x: 93.47689883034056
  y: 46.0
  z: -56.303490576531615
  yaw: 1.2886921
  pitch: -0.3610655
