lastlocation:
  world: LionHUB
  x: 943.0195191088159
  y: 38.0
  z: -414.25812266697704
  yaw: -0.47781372
  pitch: -3.5336792
lastAccountName: Hqpez_
timestamps:
  login: 1514328224580
  lastteleport: 1513450335927
  logout: 1514328228128
ipAddress: 89.241.129.181
money: '500.0'
logoutlocation:
  world: LionHUB
  x: 943.0195191088159
  y: 38.0
  z: -414.25812266697704
  yaw: -26.603336
  pitch: 3.6078992
