lastAccountName: AsunaKun
timestamps:
  login: 1517169337118
  logout: 1517169453908
  lastteleport: 1512236586744
ipAddress: 24.87.81.139
socialspy: false
lastlocation:
  world: LionHUB
  x: 943.0776559692766
  y: 38.0
  z: -414.22456255748983
  yaw: 4.3221874
  pitch: -0.98367894
logoutlocation:
  world: LionHUB
  x: 943.0208734508747
  y: 38.0
  z: -414.94658708246266
  yaw: -36.027824
  pitch: 88.950005
nickname: ยง8Pungu
money: '500.0'
