lastlocation:
  world: MainLobby
  x: 39.942035880694604
  y: 59.0
  z: 0.7222611200065052
  yaw: 90.05236
  pitch: 19.240442
lastAccountName: RICHKID1785
timestamps:
  login: 1508116430454
  lastteleport: 1508116465750
  logout: 1508116500054
ipAddress: 69.73.202.204
logoutlocation:
  world: LionHUB
  x: 942.9395244330399
  y: 38.0
  z: -414.9798036988763
  yaw: 12.141843
  pitch: -6.4382377
