lastlocation:
  world: LionHUB
  x: 726.5668093287013
  y: 5.0
  z: 3599.4473790847683
  yaw: 296.38376
  pitch: 7.799455
lastAccountName: geniushere
timestamps:
  login: 1518066728775
  lastteleport: 1518066174197
  logout: 1518066775537
  kits:
    starter: 1518004716819
ipAddress: 110.139.145.91
money: '500.0'
logoutlocation:
  world: LionHUB
  x: 737.611853650117
  y: 5.0
  z: 3593.699999988079
  yaw: 318.98126
  pitch: 15.134786
