lastAccountName: Clinkforce
timestamps:
  login: 1502962488254
  logout: 1502962511360
ipAddress: 180.248.96.110
socialspy: false
logoutlocation:
  world: LionHUB
  x: 93.50848809898889
  y: 45.0
  z: -62.54658081977909
  yaw: 1.5886656
  pitch: -1.111063
