timestamps:
  lastteleport: 1498995215548
  login: 1498995209980
  logout: 1498995214946
lastlocation:
  world: LionHUB
  x: 30.5
  y: 67.0
  z: 15.5
  yaw: 90.11987
  pitch: -0.34908158
socialspy: false
lastAccountName: NitroxPvp
ipAddress: 42.60.157.121
logoutlocation:
  world: LionHUB
  x: 30.5
  y: 67.0
  z: 15.5
  yaw: 90.11987
  pitch: -0.34908158
