timestamps:
  lastteleport: 1498658614232
  login: 1507730114903
  logout: 1507730119512
lastlocation:
  world: LionHUB
  x: 942.9847941585354
  y: 38.0
  z: -414.80756805231493
  yaw: -359.53693
  pitch: 4.701889
socialspy: false
lastAccountName: LEZZIC
ipAddress: 93.255.221.168
logoutlocation:
  world: LionHUB
  x: 943.3590504771521
  y: 38.0
  z: -415.1400437956654
  yaw: -95.35333
  pitch: 23.90753
