lastAccountName: 31mert3129
timestamps:
  login: 1502114257203
  lastteleport: 1502114039456
  logout: 1502114344809
ipAddress: 78.187.142.124
socialspy: false
lastlocation:
  world: LionHUB
  x: 95.020161601611
  y: 46.0
  z: -54.67828294124695
  yaw: -268.41064
  pitch: 19.738918
logoutlocation:
  world: FFA
  x: 1.0
  y: 13.0
  z: 0.0
  yaw: -2.1957092
  pitch: -11.106686
