lastlocation:
  world: LionHUB
  x: 949.1220317447626
  y: 37.0
  z: -413.7957228331117
  yaw: 280.84668
  pitch: 23.007534
lastAccountName: AdnanPro
timestamps:
  login: 1507885585494
  lastteleport: 1507886102679
  logout: 1507886162611
ipAddress: 202.80.219.222
logoutlocation:
  world: MainLobby
  x: 32.69999998807907
  y: 57.0
  z: 24.685159842535683
  yaw: -18.813456
  pitch: 11.226369
