socialspy: false
lastAccountName: Kaoz_
timestamps:
  login: 1502648068798
  logout: 1502648102063
ipAddress: 70.112.121.187
logoutlocation:
  world: LionHUB
  x: 93.49788491761137
  y: 45.0
  z: -62.029395698918634
  yaw: 137.45575
  pitch: 9.082543
