timestamps:
  lastteleport: 1503065292617
  login: 1503948009005
  logout: 1503948222963
lastlocation:
  world: LionHUB
  x: 97.99472162564086
  y: 4.0
  z: -399.7075561687212
  yaw: -0.21334028
  pitch: 13.712143
socialspy: false
lastAccountName: BossManMC
ipAddress: 41.224.155.122
logoutlocation:
  world: LionHUB
  x: 103.12553438960275
  y: 5.0
  z: -48.33301282107767
  yaw: 117.00163
  pitch: -39.537804
