lastAccountName: Aupahil444
timestamps:
  login: 1503834041420
  logout: 1503834072427
  lastteleport: 1503770675619
ipAddress: 83.216.158.59
socialspy: false
logoutlocation:
  world: LionHUB
  x: -76.5
  y: 5.0
  z: -120.5
  yaw: -31.86473
  pitch: 41.699978
lastlocation:
  world: LionHUB
  x: 93.69999998807907
  y: 46.0
  z: -72.36218927586128
  yaw: -176.46318
  pitch: 14.462164
