lastlocation:
  world: FFASG
  x: -16.14123275044917
  y: 13.0
  z: -19.77474320719259
  yaw: -88.449005
  pitch: 11.709531
lastAccountName: 7SOONY123
timestamps:
  login: 1507093590626
  logout: 1507093693843
ipAddress: 37.238.121.18
socialspy: false
logoutlocation:
  world: FFASG
  x: 1.0
  y: 11.0
  z: 0.0
  yaw: -88.449005
  pitch: 11.709531
