lastlocation:
  world: lobby_practice
  x: -18.217232502644435
  y: 57.0
  z: -5104.037915918999
  yaw: 121.000015
  pitch: 17.100002
lastAccountName: MiserableOldGit
timestamps:
  login: 1517147238500
  logout: 1517147754017
  lastteleport: 1517147273911
ipAddress: 84.59.15.244
logoutlocation:
  world: lobby_practice
  x: -31.481378205903837
  y: 57.827117314324575
  z: -5159.174236210502
  yaw: 47.200104
  pitch: 1.5000384
money: '0.0'
