lastlocation:
  world: LionHUB
  x: 943.0644037800563
  y: 38.0
  z: -414.69615849648756
  yaw: 358.24664
  pitch: 1.7075297
lastAccountName: EchoSounds
timestamps:
  login: 1506832393506
  logout: 1506832480409
ipAddress: 120.29.65.80
socialspy: false
logoutlocation:
  world: LionHUB
  x: 943.9361158619708
  y: 37.5
  z: -406.5454439210468
  yaw: 2.5960083
  pitch: 17.607544
