timestamps:
  lastteleport: 1502547552473
  login: 1502547429751
  logout: 1502548370905
lastlocation:
  world: LionHUB
  x: 93.28236628763918
  y: 46.0
  z: -54.60571811017955
  yaw: 182.91443
  pitch: 7.6931744
socialspy: false
lastAccountName: OmaMitNikeAirs
ipAddress: 79.210.164.84
logoutlocation:
  world: MainLobby
  x: 21.52965929557579
  y: 57.0
  z: -8.801764364046221
  yaw: -15.217209
  pitch: 19.721184
