lastlocation:
  world: LionHUB
  x: 746.4592455243042
  y: 10.0
  z: 3608.7898504515924
  yaw: -0.10546875
  pitch: -4.859901
lastAccountName: Ginger710
timestamps:
  login: 1520977560320
  logout: 1520977576066
ipAddress: 24.62.25.118
logoutlocation:
  world: LionHUB
  x: 745.6195880385203
  y: 7.0
  z: 3642.8972136134553
  yaw: 16.176386
  pitch: -1.6569132
