lastAccountName: ALVIN123IBNU123
timestamps:
  login: 1504853568313
  logout: 1504853573018
  lastteleport: 1504853475168
ipAddress: 158.140.167.14
socialspy: false
logoutlocation:
  world: LionHUB
  x: 93.51999108110613
  y: 45.0
  z: -62.30000001192093
  yaw: -1.2632126
  pitch: 11.762165
lastlocation:
  world: LionHUB
  x: 93.52644536168373
  y: 45.0
  z: -61.71735885609476
  yaw: -1.2632126
  pitch: 11.762165
