timestamps:
  lastteleport: 1499427110031
  login: 1499427009278
  logout: 1499427107827
lastlocation:
  world: LionHUB
  x: 92.34669986306787
  y: 45.0
  z: -62.240578097529834
  yaw: -170.71594
  pitch: 10.499982
lastAccountName: ToothlessHQ2
ipAddress: 49.147.67.173
socialspy: false
logoutlocation:
  world: LionHUB
  x: 93.5
  y: 45.0
  z: -62.5
  yaw: -179.4159
  pitch: 90.0
