lastlocation:
  world: LionHUB
  x: 943.0644037800563
  y: 38.0
  z: -414.69615849648756
  yaw: -1.7533569
  pitch: 1.7075297
lastAccountName: Summer_YT
timestamps:
  login: 1507441036074
  logout: 1507441095257
ipAddress: 202.62.16.201
socialspy: false
logoutlocation:
  world: LionHUB
  x: 943.1469138155011
  y: 37.5
  z: -413.032902853939
  yaw: 358.24664
  pitch: 1.7075297
