lastAccountName: Sintrib
timestamps:
  login: 1506301960268
  lastteleport: 1506302037064
  logout: 1506303110314
ipAddress: 75.141.121.163
socialspy: false
lastlocation:
  world: LionHUB
  x: 93.80826467514885
  y: 47.0
  z: -47.904571196016775
  yaw: 3.53833
  pitch: -29.011106
logoutlocation:
  world: LionHUB
  x: 91.83355505526907
  y: 46.0
  z: -62.73531097447679
  yaw: 78.836914
  pitch: -65.63782
