timestamps:
  lastteleport: 1499901693740
  login: 1499901684039
  logout: 1499901693587
lastlocation:
  world: LionHUB
  x: 49.23790120048649
  y: 4.0
  z: -91.5082848756997
  yaw: 92.28638
  pitch: 74.49833
socialspy: false
lastAccountName: Ylc3FsCV3JZTFSb6
ipAddress: 89.46.242.180
logoutlocation:
  world: LionHUB
  x: 93.5
  y: 45.0
  z: -62.5
  yaw: -359.88382
  pitch: -20.032845
