lastlocation:
  world: Sg
  x: -97.46787260883015
  y: 5.0
  z: 57.58925567712026
  yaw: -345.93307
  pitch: 8.91572
lastAccountName: Kebabasss
timestamps:
  login: 1510954652680
  lastteleport: 1510954685427
  logout: 1510955522850
ipAddress: 84.32.155.100
logoutlocation:
  world: LionHUB
  x: 907.4085934660355
  y: 56.255069700458115
  z: -435.27472895269483
  yaw: 336.87213
  pitch: 24.600012
