socialspy: false
lastAccountName: TBNRbaileyYT
timestamps:
  login: 1502005982661
  logout: 1502006526041
  lastteleport: 1502006014021
ipAddress: 92.237.102.251
logoutlocation:
  world: MainLobby
  x: 13.300000011920929
  y: 57.0
  z: 1.8533450302282604
  yaw: 155.8783
  pitch: 90.0
lastlocation:
  world: LionHUB
  x: 93.69911306446011
  y: 47.0
  z: -47.89958190843172
  yaw: -1.2632126
  pitch: 8.690165
