timestamps:
  lastteleport: 1498388268553
  login: 1498387778897
  logout: 1498388268197
lastlocation:
  world: MainLobby
  x: 4.300000011920926
  y: 57.0
  z: 20.390768237259216
  yaw: 73.78943
  pitch: 13.722902
lastAccountName: BedLikeSkillz
ipAddress: 78.19.155.77
socialspy: false
logoutlocation:
  world: LionHUB
  x: 30.5
  y: 67.0
  z: 15.5
  yaw: 90.11987
  pitch: -0.34908158
