timestamps:
  lastteleport: 1498120540021
  login: 1498120484954
  logout: 1498120537768
lastlocation:
  world: LionHUB
  x: 5.088701240535635
  y: 65.0625
  z: 15.421974731979805
  yaw: -106.380165
  pitch: 4.150923
lastAccountName: LisaXD5
ipAddress: 91.176.252.187
socialspy: false
logoutlocation:
  world: LionHUB
  x: 30.5
  y: 67.0
  z: 15.5
  yaw: 90.11987
  pitch: -0.34908158
