lastlocation:
  world: LionHUB
  x: 943.0644037800563
  y: 38.0
  z: -414.69615849648756
  yaw: 358.24664
  pitch: 1.7075297
lastAccountName: DAWRECKER21
timestamps:
  login: 1507218031710
  logout: 1507218153152
ipAddress: 80.42.59.181
socialspy: false
logoutlocation:
  world: LionHUB
  x: 942.928081296955
  y: 38.0
  z: -414.9543091922774
  yaw: -2.8369112
  pitch: 32.15188
