socialspy: false
lastAccountName: Tony_Bamanaboni_
timestamps:
  login: 1504380147939
  logout: 1504380184347
ipAddress: 24.235.163.251
logoutlocation:
  world: LionHUB
  x: 103.66179748366825
  y: 39.0
  z: -161.39052626378333
  yaw: -177.03537
  pitch: 35.242317
