lastlocation:
  world: LionHUB
  x: 942.0
  y: 38.0
  z: -415.0
  yaw: 0.0
  pitch: 0.0
lastAccountName: smixtyfarry
timestamps:
  login: 1515189886954
  logout: 1515189938612
ipAddress: 174.218.131.113
logoutlocation:
  world: LionHUB
  x: 942.0
  y: 38.0
  z: -415.0
  yaw: 60.64129
  pitch: -5.927344
