lastAccountName: ArrowsPls
timestamps:
  login: 1504689248465
  logout: 1504689307481
ipAddress: 79.107.92.250
socialspy: false
logoutlocation:
  world: LionHUB
  x: 93.51999108110613
  y: 45.0
  z: -62.30000001192093
  yaw: -3.852914
  pitch: 28.838009
