lastAccountName: Maode2004
timestamps:
  login: 1504188881094
  logout: 1504188885607
ipAddress: 84.157.162.243
socialspy: false
logoutlocation:
  world: LionHUB
  x: 93.51999108110613
  y: 45.0
  z: -62.30000001192093
  yaw: 0.10829109
  pitch: 17.613918
