timestamps:
  lastteleport: 1499901720275
  login: 1499901690351
  logout: 1499901719195
lastlocation:
  world: LionHUB
  x: 93.5
  y: 45.0
  z: -62.5
  yaw: -359.88382
  pitch: -20.032845
socialspy: false
lastAccountName: W3Z_k6IOlu4GsG8q
ipAddress: 202.182.57.10
logoutlocation:
  world: LionHUB
  x: 93.5
  y: 45.0
  z: -62.5
  yaw: -359.88382
  pitch: -20.032845
