lastlocation:
  world: TheZone85
  x: -13.466482762016948
  y: 57.0
  z: 12.696178426744781
  yaw: -158.09991
  pitch: 3.603647
lastAccountName: Fishloki91
timestamps:
  login: 1514263936239
  lastteleport: 1514264000616
  logout: 1514264156421
ipAddress: 74.129.29.175
money: '0.0'
logoutlocation:
  world: Sg
  x: -100.88810759194854
  y: 5.0
  z: 45.516360703916924
  yaw: -5.741577
  pitch: 9.46654
