lastlocation:
  world: map
  x: -990.5
  y: 87.0
  z: 275.5
  yaw: -0.36170167
  pitch: -1.8668555
lastAccountName: ItzMeMinecraft
timestamps:
  login: 1521414990133
  lastteleport: 1521415310383
  kits:
    starter: 1516548416495
  logout: 1521415643574
ipAddress: 173.206.21.96
money: '0.0'
logoutlocation:
  world: map
  x: -976.7381727486321
  y: 13.0
  z: 280.66910833057307
  yaw: -269.85016
  pitch: 10.700009
