lastlocation:
  world: LionHUB
  x: 943.0195191088159
  y: 38.0
  z: -414.25812266697704
  yaw: -0.47781372
  pitch: -3.5336792
lastAccountName: ShootToDestroy
timestamps:
  login: 1513269669397
  lastteleport: 1513092755973
  logout: 1513269680308
ipAddress: 174.47.110.88
money: '500.0'
logoutlocation:
  world: LionHUB
  x: 943.0195191088159
  y: 38.0
  z: -414.25812266697704
  yaw: 38.222164
  pitch: 22.416319
