lastlocation:
  world: LionHUB
  x: 891.0652873938197
  y: 38.0
  z: -415.0682602187998
  yaw: 98.9718
  pitch: 16.11632
lastAccountName: deadpoolol12
timestamps:
  login: 1517317699666
  lastteleport: 1517317754513
  logout: 1517317764101
ipAddress: 31.223.118.218
money: '0.0'
logoutlocation:
  world: SkyBlock
  x: 0.5412088541852427
  y: 65.0
  z: 25.688909889044762
  yaw: -0.80067164
  pitch: 27.350868
