timestamps:
  lastteleport: 1499901674700
  login: 1499901673502
lastlocation:
  world: LionHUB
  x: 93.5
  y: 45.0
  z: -62.5
  yaw: -359.88382
  pitch: -20.032845
socialspy: false
lastAccountName: dPpVqD0Gz_7vfPv4
ipAddress: 202.166.194.191
logoutlocation:
  world: LionHUB
  x: 93.5
  y: 45.0
  z: -62.5
  yaw: -359.88382
  pitch: -20.032845
