lastAccountName: The_Furry
timestamps:
  login: 1503409660491
  logout: 1503409697800
  lastteleport: 1503409676703
ipAddress: 36.71.218.203
socialspy: false
logoutlocation:
  world: MainLobby
  x: 20.102831437746907
  y: 57.0
  z: -6.561995748239838
  yaw: -313.1136
  pitch: 22.026354
lastlocation:
  world: LionHUB
  x: 93.67013844494068
  y: 47.5
  z: -47.21856908981002
  yaw: 5.336785
  pitch: 1.5621666
