socialspy: false
lastAccountName: Daxamillion12
timestamps:
  login: 1503709736423
  logout: 1502089148768
ipAddress: 172.127.130.60
logoutlocation:
  world: LionHUB
  x: 93.99635778069711
  y: 45.5
  z: -62.04391669086994
  yaw: 18.211222
  pitch: 5.191837
