lastlocation:
  world: MainLobby
  x: 12.357409499355262
  y: 58.25220334025373
  z: -0.337170214558426
  yaw: 78.47005
  pitch: 68.448395
lastAccountName: '7687676687'
timestamps:
  login: 1506471230051
  lastteleport: 1506471787414
  logout: 1506472025839
ipAddress: 174.218.142.90
socialspy: false
logoutlocation:
  world: MainLobby
  x: 12.357409499355262
  y: 58.25220334025373
  z: -0.337170214558426
  yaw: 82.130554
  pitch: 63.789562
