lastlocation:
  world: LionHUB
  x: 943.0195191088159
  y: 38.0
  z: -414.25812266697704
  yaw: -0.47781372
  pitch: -3.5336792
lastAccountName: OML44
timestamps:
  login: 1513282048585
  logout: 1513282051107
ipAddress: 188.220.218.226
money: '500.0'
logoutlocation:
  world: LionHUB
  x: 943.0391538770372
  y: 37.0
  z: -408.34131142652825
  yaw: 359.5222
  pitch: -3.5336792
