lastlocation:
  world: skywars
  x: 102.5
  y: 150.0
  z: -129.5
  yaw: -2.2522888
  pitch: -12.645975
lastAccountName: JavierLarreynaga
timestamps:
  login: 1511900956269
  lastteleport: 1511900847539
  logout: 1511901211707
ipAddress: 189.215.229.62
money: '500.0'
logoutlocation:
  world: LionHUB
  x: 905.0784693646278
  y: 38.0
  z: -452.69999998807907
  yaw: 134.52223
  pitch: 90.0
