timestamps:
  lastteleport: 1510552008296
  login: 1510555586154
  logout: 1510555697894
lastlocation:
  world: LionHUB
  x: 943.0195191088159
  y: 38.0
  z: -414.25812266697704
  yaw: -0.47781372
  pitch: -3.5336792
lastAccountName: ProJohnTech
ipAddress: 111.125.110.47
socialspy: false
logoutlocation:
  world: LionHUB
  x: 948.4314974602199
  y: 37.0
  z: -428.0235653929144
  yaw: -272.12762
  pitch: -3.4499955
