lastlocation:
  world: LionHUB
  x: 941.9789568220731
  y: 38.0
  z: -414.034912039508
  yaw: 7.7999997
  pitch: -18.449999
lastAccountName: Evilgamer29
timestamps:
  login: 1513726726155
  lastteleport: 1513726737491
  logout: 1513726749530
ipAddress: 108.51.128.42
money: '0.0'
logoutlocation:
  world: MainLobby
  x: -0.5
  y: 60.0
  z: 0.5
  yaw: -78.06353
  pitch: 5.0763564
