lastlocation:
  world: HCF
  x: 70.5
  y: 69.0
  z: -1.5
  yaw: 351.82135
  pitch: 4.8249993
