lastAccountName: DarkSmokeYT
timestamps:
  login: 1505013153282
  logout: 1505013222358
  lastteleport: 1504968783050
ipAddress: 171.250.166.115
socialspy: false
logoutlocation:
  world: LionHUB
  x: 92.3626324810991
  y: 46.0
  z: -63.74233996596111
  yaw: 71.53536
  pitch: 40.975967
lastlocation:
  world: LionHUB
  x: 93.45581373071106
  y: 47.5
  z: -47.281948441019395
  yaw: 0.05591614
  pitch: 0.38137844
