timestamps:
  lastteleport: 1499901681148
  login: 1499901669686
  logout: 1499901680566
lastlocation:
  world: LionHUB
  x: 93.35
  y: 45.0
  z: -62.35
  yaw: -359.88382
  pitch: -20.032845
lastAccountName: 8Oy8ezeAiLXHCYFP
ipAddress: 216.186.159.131
socialspy: false
logoutlocation:
  world: LionHUB
  x: 93.5
  y: 45.0
  z: -62.5
  yaw: -359.88382
  pitch: -20.032845
