lastlocation:
  world: LionHUB
  x: 942.9847941585354
  y: 38.0
  z: -414.80756805231493
  yaw: -359.53693
  pitch: 4.701889
lastAccountName: doney_2
timestamps:
  login: 1510962809657
  logout: 1510962812496
ipAddress: 47.184.50.28
logoutlocation:
  world: LionHUB
  x: 943.0195191088159
  y: 38.0
  z: -414.25812266697704
  yaw: 0.7715065
  pitch: 4.8047
