lastlocation:
  world: LionHUB
  x: 943.4157692630095
  y: 37.0
  z: -411.2905104468843
  yaw: -279.55325
  pitch: -12.992469
lastAccountName: MinhKhang11369
timestamps:
  login: 1508583980962
  lastteleport: 1508584034812
  logout: 1508584062641
ipAddress: 116.109.109.202
logoutlocation:
  world: MainLobby
  x: 24.023456758640517
  y: 58.0
  z: 0.4328809815436865
  yaw: -98.31351
  pitch: 24.57635
