lastlocation:
  world: LionHUB
  x: 942.9847941585354
  y: 38.0
  z: -414.80756805231493
  yaw: -359.53693
  pitch: 4.701889
lastAccountName: SrTexudoo
timestamps:
  login: 1509133105066
  logout: 1509133169056
ipAddress: 177.85.72.30
logoutlocation:
  world: LionHUB
  x: 1399.5057494522825
  y: 37.0
  z: -368.1481100854853
  yaw: 145.09717
  pitch: 14.907534
