lastlocation:
  world: LionHUB
  x: 943.0195191088159
  y: 38.0
  z: -414.25812266697704
  yaw: 359.5222
  pitch: -3.5336792
lastAccountName: Abieza
timestamps:
  login: 1512213578965
  logout: 1512213622496
  lastteleport: 1511259249865
ipAddress: 139.228.146.140
logoutlocation:
  world: LionHUB
  x: 943.0195191088159
  y: 38.0
  z: -414.25812266697704
  yaw: -0.47781372
  pitch: -3.5336792
money: '0.0'
