lastAccountName: xYurisu_
timestamps:
  login: 1501155263935
  lastteleport: 1501155365621
  logout: 1501155592424
ipAddress: 119.247.11.209
socialspy: false
lastlocation:
  world: LionHUB
  x: 156.78441630738405
  y: 4.0
  z: -55.26302843988442
  yaw: 122.58631
  pitch: 13.598309
logoutlocation:
  world: MainLobby
  x: 1.8426261292741648
  y: 60.0
  z: 1.0277662837364323
  yaw: -290.53046
  pitch: 15.804334
