timestamps:
  lastteleport: 1497969613989
  login: 1504200563072
  logout: 1504200682701
lastlocation:
  world: LionHUB
  x: 30.03353031994802
  y: 66.5
  z: 13.95772352964209
  yaw: -45.47986
  pitch: 18.150005
lastAccountName: DanTDM
socialspy: false
ipAddress: 86.93.133.84
logoutlocation:
  world: LionHUB
  x: 93.12694604106694
  y: 45.5
  z: -62.95775079946654
  yaw: 78.4849
  pitch: -17.366598
