lastlocation:
  world: LionHUB
  x: 942.6145991280931
  y: 38.0
  z: -363.03279729931336
  yaw: 1.6932983
  pitch: 24.109562
lastAccountName: ImSirSkitzo_
timestamps:
  login: 1515267530604
  logout: 1515267733233
  lastteleport: 1515267659564
ipAddress: 138.219.216.4
logoutlocation:
  world: MainLobby
  x: 26.699999988079067
  y: 58.0
  z: -1.699999988079071
  yaw: 126.1327
  pitch: 17.802498
money: '0.0'
