lastAccountName: hudster10
timestamps:
  login: 1503591336153
  logout: 1503591340572
ipAddress: 14.136.165.165
socialspy: false
logoutlocation:
  world: LionHUB
  x: 93.49842392046412
  y: 45.0
  z: -62.00661184330717
  yaw: 6.5003796
  pitch: 4.257819
