lastlocation:
  world: LionHUB
  x: 943.0195191088159
  y: 38.0
  z: -414.25812266697704
  yaw: -8.3685665
  pitch: 3.0585938
lastAccountName: Sem_is_homo
timestamps:
  login: 1513955772121
  logout: 1513955788036
ipAddress: 84.85.255.121
socialspy: false
logoutlocation:
  world: LionHUB
  x: 941.4243003463207
  y: 35.0
  z: -389.1989821348493
  yaw: -2.4754539
  pitch: 0.86117053
