lastlocation:
  world: SkyBlock
  x: 3.8578535661015314
  y: 66.0
  z: 21.106974813840406
  yaw: -70.39774
  pitch: 22.457296
lastAccountName: Cosmetical
timestamps:
  login: 1512764026869
  lastteleport: 1512764676468
  kits:
    starter: 1512764231609
  logout: 1512764691624
ipAddress: 178.84.199.146
money: '0.0'
logoutlocation:
  world: SkyBlock
  x: 117.37830261286773
  y: 66.0
  z: 20.977990335507425
  yaw: 93.32212
  pitch: 23.988947
