timestamps:
  lastteleport: 1501179225890
  login: 1503949177842
  logout: 1503949270917
lastlocation:
  world: LionHUB
  x: 92.83128225358277
  y: 47.0
  z: -48.23492560123437
  yaw: -10.136664
  pitch: -8.646919
lastAccountName: NBHedonist
ipAddress: 70.26.183.161
socialspy: false
logoutlocation:
  world: LionHUB
  x: 95.1055396370287
  y: 47.0
  z: -59.76101217264814
  yaw: 160.68733
  pitch: 24.566582
nickname: NBHedonist
