lastAccountName: Deadboyswalk
timestamps:
  login: 1503724157042
  lastteleport: 1503724183930
  logout: 1503724189454
ipAddress: 71.52.69.250
socialspy: false
lastlocation:
  world: LionHUB
  x: 96.56124732944983
  y: 46.0
  z: -57.63358208818535
  yaw: 76.43872
  pitch: 6.9889565
logoutlocation:
  world: MainLobby
  x: 14.798307351879462
  y: 57.0
  z: 0.44356585541390814
  yaw: -90.513535
  pitch: 3.8763547
