timestamps:
  lastteleport: 1499901704015
  login: 1499901703410
  logout: 1499901703862
lastlocation:
  world: LionHUB
  x: 93.5
  y: 45.0
  z: -62.5
  yaw: -359.88382
  pitch: -20.032845
socialspy: false
lastAccountName: hjBHiC0nVfxBigti
ipAddress: 94.177.197.139
logoutlocation:
  world: LionHUB
  x: 93.5
  y: 45.0
  z: -62.5
  yaw: -359.88382
  pitch: -20.032845
