timestamps:
  lastteleport: 1499469734514
  login: 1499468751189
  logout: 1499469732061
lastlocation:
  world: MainLobby
  x: 4.98228087509203
  y: 59.5
  z: 0.1127088204913456
  yaw: 260.32288
  pitch: 19.739698
lastAccountName: Colorful_Lemon
ipAddress: 24.32.158.39
socialspy: false
logoutlocation:
  world: LionHUB
  x: 94.5
  y: 45.0
  z: -63.5
  yaw: -179.4159
  pitch: 90.0
