lastlocation:
  world: FFA
  x: 34.72165018091648
  y: 28.0
  z: -710.5406931055031
  yaw: -135.68024
  pitch: 0.0
