timestamps:
  lastteleport: 1499786029058
  login: 1499786006148
  logout: 1499786028005
lastlocation:
  world: LionHUB
  x: 93.16600228085471
  y: 45.5
  z: -60.37840854774985
  yaw: -1.8335266
  pitch: 11.317161
lastAccountName: crafter1003
ipAddress: 37.24.148.13
socialspy: false
logoutlocation:
  world: LionHUB
  x: 93.5
  y: 45.0
  z: -62.5
  yaw: -359.88382
  pitch: -20.032845
