lastAccountName: FaridIndoYT
timestamps:
  login: 1504708883922
  logout: 1504708889252
  lastteleport: 1501255054279
ipAddress: 125.161.21.201
socialspy: false
logoutlocation:
  world: LionHUB
  x: 93.51999108110613
  y: 45.0
  z: -62.30000001192093
  yaw: -1.2632126
  pitch: 11.762165
lastlocation:
  world: LionHUB
  x: 93.43588634502748
  y: 48.0
  z: -46.477812062584505
  yaw: 2.6368713
  pitch: 18.362167
