lastlocation:
  world: LionHUB
  x: 951.3571244393949
  y: 37.0
  z: -409.52195702359387
  yaw: 73.92219
  pitch: 31.04999
lastAccountName: thepepsito33
timestamps:
  login: 1514455493543
  logout: 1514455554285
ipAddress: 178.254.238.125
logoutlocation:
  world: LionHUB
  x: 943.1698020080821
  y: 38.0
  z: -414.2028281536265
  yaw: 106.62219
  pitch: 24.449999
