lastAccountName: DiegoJG
timestamps:
  login: 1506305198152
  lastteleport: 1506305236420
  logout: 1506305403607
ipAddress: 201.255.229.199
socialspy: false
lastlocation:
  world: LionHUB
  x: 90.75132811170634
  y: 47.0
  z: -59.87124755763858
  yaw: 182.64404
  pitch: 43.435844
logoutlocation:
  world: FFA
  x: 13.0
  y: 11.0
  z: -149.0
  yaw: -99.61252
  pitch: 47.298813
