lastlocation:
  world: LionHUB
  x: 943.0195191088159
  y: 38.0
  z: -414.25812266697704
  yaw: -0.47781372
  pitch: -3.5336792
lastAccountName: Somekidlul
timestamps:
  login: 1512221530214
  logout: 1512221553777
  lastteleport: 1512221216678
ipAddress: 130.105.242.92
logoutlocation:
  world: LionHUB
  x: 936.200991786801
  y: 37.0
  z: -402.8791295892044
  yaw: 164.82234
  pitch: 66.81623
money: '500.0'
