lastlocation:
  world: LionHUB
  x: 943.0195191088159
  y: 38.0
  z: -414.25812266697704
  yaw: -0.47781372
  pitch: -3.5336792
lastAccountName: CaloricPvP
timestamps:
  login: 1513133389142
  lastteleport: 1512956831946
  logout: 1513133430365
  kits:
    starter: 1512241806800
ipAddress: 71.201.225.213
logoutlocation:
  world: LionHUB
  x: 951.591884493622
  y: 37.0
  z: -369.88761938506576
  yaw: 359.5222
  pitch: -3.5336792
money: '0.0'
nickname: ยง2Chukunu
