lastlocation:
  world: MainLobby
  x: 29.95975684544278
  y: 57.5
  z: 0.8145068373814157
  yaw: -89.334564
  pitch: 12.648941
lastAccountName: Hackmodeonfleek
timestamps:
  login: 1516650246070
  lastteleport: 1516650312218
  logout: 1516650367540
ipAddress: 91.12.78.117
money: '500.0'
logoutlocation:
  world: LionHUB
  x: 943.0195191088159
  y: 38.0
  z: -414.25812266697704
  yaw: -0.47781372
  pitch: -3.5336792
