lastlocation:
  world: LionHUB
  x: 952.0318112896226
  y: 38.875
  z: -407.15356549443055
  yaw: -219.90297
  pitch: 19.101057
lastAccountName: wiicked_
timestamps:
  login: 1510532895223
  logout: 1510533106291
ipAddress: 24.127.147.161
logoutlocation:
  world: LionHUB
  x: 942.0
  y: 38.0
  z: -415.0
  yaw: -219.90297
  pitch: 19.101057
