timestamps:
  lastteleport: 1499170143473
  login: 1499170111057
  logout: 1499170142922
lastlocation:
  world: LionHUB
  x: 93.5
  y: 45.0
  z: -62.5
  yaw: -184.21591
  pitch: -4.6499825
lastAccountName: EUER
ipAddress: 37.24.149.236
socialspy: false
logoutlocation:
  world: LionHUB
  x: 93.5
  y: 45.0
  z: -62.5
  yaw: -179.4159
  pitch: 90.0
