lastlocation:
  world: LionHUB
  x: 952.1192758628321
  y: 37.5
  z: -408.4549543266379
  yaw: -68.74066
  pitch: 19.527498
lastAccountName: IPlaySkywarsAlot
timestamps:
  login: 1507852918615
  lastteleport: 1507852932047
  logout: 1507852940740
ipAddress: 174.3.148.112
logoutlocation:
  world: MainLobby
  x: 3.95192807738716
  y: 60.0
  z: 0.5052512160400511
  yaw: -102.22458
  pitch: 23.54799
