lastAccountName: xxMakeapoopxx
timestamps:
  login: 1501314989300
  logout: 1501315081347
ipAddress: 119.74.41.123
socialspy: false
logoutlocation:
  world: LionHUB
  x: 90.49885676117722
  y: 46.0
  z: -58.74829358817787
  yaw: 31.74118
  pitch: 6.1615157
