timestamps:
  lastteleport: 1498991194364
  login: 1498991136309
  logout: 1498991192405
lastlocation:
  world: MainLobby
  x: -110.33052690347346
  y: 3.5
  z: 3.495656363141082
  yaw: 85.90051
  pitch: 44.100002
socialspy: false
lastAccountName: deptrai
ipAddress: 14.166.24.149
logoutlocation:
  world: LionHUB
  x: 30.5
  y: 67.0
  z: 15.5
  yaw: 90.11987
  pitch: -0.34908158
