timestamps:
  lastteleport: 1498698200493
  login: 1498698178476
  logout: 1498698199483
lastlocation:
  world: LionHUB
  x: 30.5
  y: 67.0
  z: 15.5
  yaw: 90.11987
  pitch: -0.34908158
lastAccountName: iTz_MOH
ipAddress: 197.0.233.150
socialspy: false
logoutlocation:
  world: LionHUB
  x: 30.5
  y: 67.0
  z: 15.5
  yaw: 90.11987
  pitch: -0.34908158
