lastlocation:
  world: LionHUB
  x: 942.8083717593224
  y: 37.0
  z: -408.71946652409275
  yaw: -212.12756
  pitch: -4.199998
