lastAccountName: KeatonEdgar
timestamps:
  login: 1504815965233
  logout: 1504816059782
socialspy: false
ipAddress: 93.172.211.68
logoutlocation:
  world: FFA
  x: 13.0
  y: 11.0
  z: -149.0
  yaw: 16.468079
  pitch: 15.935915
