lastlocation:
  world: ASkyBlock
  x: 1001.1575920850606
  y: 120.0
  z: -1000.3499212392477
  yaw: -240.96149
  pitch: 27.309446
lastAccountName: Millbella
timestamps:
  login: 1519954181913
  lastteleport: 1519859518609
  kits:
    starter: 1519859125053
  logout: 1519954394159
ipAddress: 23.125.18.150
money: '500.0'
logoutlocation:
  world: LionHUB
  x: 762.6999999880791
  y: 5.0
  z: 3625.699999988079
  yaw: -46.408775
  pitch: 42.123276
