lastlocation:
  world: skywars
  x: 102.5
  y: 150.0
  z: -129.5
  yaw: -2.2522888
  pitch: -12.645975
lastAccountName: sunwhite3
timestamps:
  login: 1516466560572
  logout: 1516468348574
  lastteleport: 1516466963263
ipAddress: 109.242.102.141
money: '500.0'
logoutlocation:
  world: LionHUB
  x: 905.3000000119209
  y: 38.0
  z: -452.999273776838
  yaw: 75.22621
  pitch: 32.94412
