lastlocation:
  world: LionHUB
  x: 942.0
  y: 38.0
  z: -415.0
  yaw: 0.0
  pitch: 0.0
lastAccountName: Purtgas_D_Ace
timestamps:
  login: 1516120720280
  logout: 1516120725581
ipAddress: 5.22.134.210
logoutlocation:
  world: LionHUB
  x: 943.0195191088159
  y: 38.0
  z: -414.25812266697704
  yaw: -0.47781372
  pitch: -3.5336792
