lastAccountName: dsgfdfgihojpk
timestamps:
  login: 1502137243657
  logout: 1502137283883
  mute: 0
ipAddress: 93.82.111.2
socialspy: false
logoutlocation:
  world: LionHUB
  x: 93.51999108110613
  y: 45.0
  z: -62.30000001192093
  yaw: -46.397583
  pitch: -39.34
muted: true
