timestamps:
  lastteleport: 1499901674075
  login: 1499901644635
  logout: 1499901671077
lastlocation:
  world: LionHUB
  x: 93.5
  y: 45.0
  z: -62.5
  yaw: -359.88382
  pitch: -20.032845
socialspy: false
lastAccountName: HcY1gA5kRc4S2wgK
ipAddress: 173.230.94.50
logoutlocation:
  world: LionHUB
  x: 93.5
  y: 45.0
  z: -62.5
  yaw: -359.88382
  pitch: -20.032845
