socialspy: false
lastAccountName: Im_Sweggy
timestamps:
  login: 1512984273084
  lastteleport: 1502957063743
  logout: 1512984351043
ipAddress: 49.177.119.27
lastlocation:
  world: LionHUB
  x: 942.0
  y: 38.0
  z: -415.0
  yaw: 0.0
  pitch: 0.0
logoutlocation:
  world: LionHUB
  x: 945.6944322363146
  y: 37.0
  z: -410.05694633597324
  yaw: 83.94501
  pitch: 29.044376
