lastlocation:
  world: HCF
  x: 0.5962093412011392
  y: 69.0
  z: 0.9348325441221711
  yaw: -0.08090066
  pitch: 2.5897145
lastAccountName: JackPotPlays
timestamps:
  login: 1520011559219
  lastteleport: 1520009610598
  logout: 1520011565221
  kits:
    starter: 1520009623511
ipAddress: 109.155.137.179
money: '500.0'
logoutlocation:
  world: LionHUB
  x: 746.4592455243042
  y: 10.0
  z: 3608.7898504515924
  yaw: -0.10546875
  pitch: -4.859901
