lastAccountName: FaizalCrash_YT
timestamps:
  login: 1503666013183
  lastteleport: 1503666036496
  logout: 1503666459578
ipAddress: 202.62.16.219
socialspy: false
lastlocation:
  world: LionHUB
  x: 93.51705246269063
  y: 48.0
  z: -46.669326735199505
  yaw: 1.0595703
  pitch: 4.025297
logoutlocation:
  world: MainLobby
  x: -0.5335005639400162
  y: 60.0
  z: 0.4691817266242615
  yaw: -89.0
  pitch: 2.0623941
