lastlocation:
  world: LionHUB
  x: 952.8365887457104
  y: 53.0
  z: -431.2213175457076
  yaw: -332.0869
  pitch: 31.19999
lastAccountName: ExtremeGamer155
socialspy: false
timestamps:
  login: 1507536556369
  lastteleport: 1507536753901
  logout: 1507536793592
ipAddress: 120.152.175.100
logoutlocation:
  world: parkour
  x: 1.234231805820784
  y: 20.0
  z: 0.5408873679453655
  yaw: -131.7011
  pitch: 34.80001
