timestamps:
  lastteleport: 1499744935856
  login: 1499744920935
  logout: 1499744934255
lastlocation:
  world: LionHUB
  x: 93.33963246413245
  y: 46.0
  z: -69.69999998807907
  yaw: -99.24686
  pitch: 25.18065
socialspy: false
lastAccountName: TkTBNRfam
ipAddress: 23.121.210.121
logoutlocation:
  world: LionHUB
  x: 93.5
  y: 45.0
  z: -62.5
  yaw: -359.88382
  pitch: -20.032845
