socialspy: false
lastAccountName: Coolkidluke123YT
timestamps:
  login: 1506261711174
  lastteleport: 1506261251720
  logout: 1506261803734
ipAddress: 86.15.226.78
lastlocation:
  world: LionHUB
  x: 93.07129170022866
  y: 47.0
  z: -49.619612655905875
  yaw: 6.8386664
  pitch: 11.7889385
logoutlocation:
  world: LionHUB
  x: 93.34807027453634
  y: 46.0
  z: -93.69999998807907
  yaw: 41.036865
  pitch: 11.462171
