lastlocation:
  world: TheZone85
  x: -0.5
  y: 57.0
  z: -17.5
  yaw: -15.9999695
  pitch: 4.400001
lastAccountName: tyszkogrindin
timestamps:
  login: 1514145720570
  lastteleport: 1514145805832
  logout: 1514145814876
ipAddress: 89.70.128.169
money: '0.0'
logoutlocation:
  world: Sg
  x: -101.60125924310255
  y: 5.0
  z: 46.108149544245265
  yaw: -182.88329
  pitch: 4.565721
