lastlocation:
  world: LionHUB
  x: 746.4592455243042
  y: 10.0
  z: 3608.7898504515924
  yaw: -0.10546875
  pitch: -4.859901
lastAccountName: snipershadow93
timestamps:
  login: 1521247670701
  logout: 1521247737774
ipAddress: 81.158.227.75
logoutlocation:
  world: LionHUB
  x: 747.6999999880791
  y: 7.0
  z: 3623.300000011921
  yaw: -167.71033
  pitch: -11.932276
