socialspy: false
lastAccountName: GoldenMan112
timestamps:
  login: 1504223538129
  logout: 1504223562289
  lastteleport: 1504065120657
ipAddress: 98.19.41.195
logoutlocation:
  world: LionHUB
  x: 91.65066190559685
  y: 46.0
  z: -68.5465187512816
  yaw: -9.173798
  pitch: 32.50754
lastlocation:
  world: LionHUB
  x: 93.51999108110613
  y: 45.0
  z: -62.30000001192093
  yaw: -5.1398735
  pitch: -5.316104
