lastlocation:
  world: LionHUB
  x: 942.0
  y: 38.0
  z: -415.0
  yaw: 0.0
  pitch: 0.0
lastAccountName: xxdenixxbg
timestamps:
  login: 1513865904299
  logout: 1513865941538
ipAddress: 109.120.225.127
logoutlocation:
  world: LionHUB
  x: 943.1556361520371
  y: 38.0
  z: -414.9338252814773
  yaw: -4.827755
  pitch: 31.56631
