timestamps:
  lastteleport: 1498464779365
  login: 1498464768153
  logout: 1498464778161
lastlocation:
  world: LionHUB
  x: 30.16522237769594
  y: 67.05540859952328
  z: 15.499481009694236
  yaw: 89.36987
  pitch: 0.5509184
socialspy: false
lastAccountName: PhoneOwn
ipAddress: 89.102.100.32
logoutlocation:
  world: LionHUB
  x: 30.5
  y: 67.0
  z: 15.5
  yaw: 90.11987
  pitch: -0.34908158
