socialspy: false
lastAccountName: _Backslash_
timestamps:
  login: 1503600572042
  logout: 1503600574732
ipAddress: 71.71.236.110
logoutlocation:
  world: LionHUB
  x: 93.3125
  y: 47.40625
  z: -70.09375
  yaw: 1.5390898
  pitch: -1.4110628
