lastAccountName: beaconCream
timestamps:
  login: 1505799379458
  logout: 1505799394909
ipAddress: 36.83.63.177
socialspy: false
logoutlocation:
  world: LionHUB
  x: 93.379388959278
  y: 47.0
  z: -51.23700195770347
  yaw: 0.38866562
  pitch: -1.2610629
