lastlocation:
  world: MainLobby
  x: 17.49462002886915
  y: 57.0
  z: -1.4153409152578356
  yaw: -198.65086
  pitch: 18.800049
lastAccountName: Asmodak
timestamps:
  login: 1518788764569
  lastteleport: 1518788810419
  logout: 1518788942807
ipAddress: 88.174.253.233
money: '0.0'
logoutlocation:
  world: MainLobby
  x: -0.5335005639400162
  y: 60.0
  z: 0.4691817266242615
  yaw: -95.6
  pitch: 19.400002
