lastlocation:
  world: FFASoup
  x: -8.214488094720489
  y: 6.0
  z: 6.4044797951446855
  yaw: 0.30419922
  pitch: 15.750064
