lastlocation:
  world: Breeze
  x: -6.143439732895387
  y: 67.0
  z: 26.344326900923125
  yaw: 244.40009
  pitch: 10.650012
lastAccountName: ArcheE35
timestamps:
  login: 1508597160635
  lastteleport: 1508597256565
  logout: 1508597367522
ipAddress: 49.148.130.36
logoutlocation:
  world: Sg
  x: -98.78666265467899
  y: 5.0
  z: 55.71040882141466
  yaw: 8.817032
  pitch: 7.115717
