timestamps:
  lastteleport: 1499901697644
  login: 1499901690354
  logout: 1499901696139
lastlocation:
  world: LionHUB
  x: 93.5
  y: 45.0
  z: -62.5
  yaw: -359.88382
  pitch: -20.032845
lastAccountName: 3yA3Ki3SjLUz2Xq_
ipAddress: 187.109.81.73
socialspy: false
logoutlocation:
  world: LionHUB
  x: 93.5
  y: 45.0
  z: -62.5
  yaw: -359.88382
  pitch: -20.032845
