lastAccountName: EmeraldRod
timestamps:
  login: 1506093695460
  lastteleport: 1506094793632
  logout: 1506095155089
ipAddress: 201.229.93.159
socialspy: false
lastlocation:
  world: LionHUB
  x: 94.69999998807907
  y: 47.0
  z: -48.196515791855035
  yaw: -19.44244
  pitch: -7.8149652
logoutlocation:
  world: LionHUB
  x: 93.50848809898889
  y: 45.0
  z: -62.54658081977909
  yaw: 1.2886657
  pitch: -1.4110628
