lastAccountName: HouseBucket
timestamps:
  login: 1507607352138
  logout: 1507607746796
  lastteleport: 1507607732714
ipAddress: 98.165.226.4
socialspy: false
logoutlocation:
  world: MainLobby
  x: 0.3700297058042892
  y: 60.0
  z: 1.1198417498298292
  yaw: 88.26967
  pitch: 9.128148
lastlocation:
  world: LionHUB
  x: 942.7020252649652
  y: 39.00133597911215
  z: -363.2568141663789
  yaw: -1.9022545
  pitch: 9.864275
