lastAccountName: MisurDucky
timestamps:
  login: 1503629730477
  logout: 1503548768518
ipAddress: 99.36.184.174
socialspy: false
lastlocation:
  world: LionHUB
  x: 93.4999143647874
  y: 45.0
  z: -62.09493418963977
  yaw: 1.2886657
  pitch: -1.4110628
logoutlocation:
  world: LionHUB
  x: 93.52339875105827
  y: 45.0
  z: -62.02433727026464
  yaw: -0.851969
  pitch: 9.397514
