lastlocation:
  world: Factions
  x: 27.103982800540898
  y: 43.0
  z: -442.17853047671116
  yaw: 209.17656
  pitch: 19.796242
