timestamps:
  lastteleport: 1499901645606
  login: 1499901641163
lastlocation:
  world: LionHUB
  x: 93.5
  y: 45.0
  z: -62.5
  yaw: -359.88382
  pitch: -20.032845
lastAccountName: x1a4goE4Ek8Qv2PW
ipAddress: 50.63.167.63
socialspy: false
logoutlocation:
  world: LionHUB
  x: 93.5
  y: 45.0
  z: -62.5
  yaw: -359.88382
  pitch: -20.032845
