lastlocation:
  world: LionHUB
  x: 945.1834759784343
  y: 37.5
  z: -411.8920397394998
  yaw: 218.82228
  pitch: 8.46631
lastAccountName: iFrqzen
timestamps:
  login: 1512742826821
  logout: 1512742842662
ipAddress: 2.50.78.110
logoutlocation:
  world: LionHUB
  x: 943.0211539297624
  y: 38.0
  z: -414.00862337414037
  yaw: 323.37216
  pitch: 87.59999
