timestamps:
  lastteleport: 1499901633694
  login: 1499901631161
lastlocation:
  world: LionHUB
  x: 93.35
  y: 45.0
  z: -62.35
  yaw: -359.88382
  pitch: -20.032845
lastAccountName: Tq_quibCqiQsedkX
ipAddress: 94.177.216.229
socialspy: false
logoutlocation:
  world: LionHUB
  x: 93.5
  y: 45.0
  z: -62.5
  yaw: -359.88382
  pitch: -20.032845
