socialspy: false
lastAccountName: lokio3
timestamps:
  login: 1504972609417
  logout: 1504972633786
ipAddress: 116.108.206.140
logoutlocation:
  world: LionHUB
  x: 93.51999108110613
  y: 45.0
  z: -62.30000001192093
  yaw: 356.63687
  pitch: 20.012165
