socialspy: false
lastAccountName: RClXaKlq7V3JB9DN
timestamps:
  login: 1502996982251
  lastteleport: 1502997039826
  logout: 1502997438536
ipAddress: 146.198.59.249
lastlocation:
  world: LionHUB
  x: 92.86668111809274
  y: 46.0
  z: -58.36441233144417
  yaw: 191.48265
  pitch: 47.05065
logoutlocation:
  world: MainLobby
  x: 15.687929966790538
  y: 57.0
  z: -0.5345702716731435
  yaw: -56.172737
  pitch: -10.273716
