lastlocation:
  world: LionHUB
  x: 942.0
  y: 38.0
  z: -415.0
  yaw: 0.0
  pitch: 0.0
lastAccountName: dailhan1010
timestamps:
  login: 1514824736757
  logout: 1514824960795
ipAddress: 193.251.163.58
logoutlocation:
  world: LionHUB
  x: 924.6999999880791
  y: 36.5
  z: -418.7051652435442
  yaw: 248.95877
  pitch: 22.233538
