lastlocation:
  world: skywars
  x: 102.5288841247093
  y: 150.0
  z: -127.89096637074186
  yaw: -2.3828251
  pitch: -12.167342
lastAccountName: bster91
timestamps:
  login: 1506471075507
  logout: 1506471095461
ipAddress: 67.70.88.35
socialspy: false
logoutlocation:
  world: LionHUB
  x: 93.48914223712927
  y: 46.0
  z: -60.656284517777905
  yaw: 1.419202
  pitch: -1.4110628
