lastAccountName: Tayno
timestamps:
  login: 1513193105092
  logout: 1513193121632
ipAddress: 86.89.7.150
socialspy: false
logoutlocation:
  world: LionHUB
  x: 951.2895096398427
  y: 37.0
  z: -403.69999998807907
  yaw: -192.47406
  pitch: 20.058084
lastlocation:
  world: LionHUB
  x: 943.0195191088159
  y: 38.0
  z: -414.25812266697704
  yaw: -0.47781372
  pitch: -3.5336792
