lastlocation:
  world: LionHUB
  x: 771.3824875085049
  y: 7.497677963708323
  z: 3622.115989400342
  yaw: -134.65245
  pitch: -6.2434072
lastAccountName: yaboiskinnyp3nis
timestamps:
  login: 1517614934911
  logout: 1517614968476
ipAddress: 66.225.251.240
logoutlocation:
  world: LionHUB
  x: 745.1143288369029
  y: 10.0
  z: 3619.7853201614344
  yaw: -12.211244
  pitch: 9.667052
