lastAccountName: uLZiLOL7WPs2bF69
timestamps:
  login: 1502996833211
  lastteleport: 1502996874323
  logout: 1502997441036
ipAddress: 146.198.59.249
socialspy: false
lastlocation:
  world: LionHUB
  x: 93.51880590418055
  y: 46.0
  z: -59.518022066325976
  yaw: 172.04906
  pitch: 11.544558
logoutlocation:
  world: MainLobby
  x: -0.5335005639400162
  y: 60.0
  z: 0.4691817266242615
  yaw: -89.0
  pitch: 2.0
