lastlocation:
  world: skywars
  x: 102.5
  y: 150.0
  z: -129.5
  yaw: -2.2522888
  pitch: -12.645975
lastAccountName: FlamingDoges
timestamps:
  login: 1506831095330
  lastteleport: 1506830891228
  logout: 1506832505535
ipAddress: 75.81.183.26
socialspy: false
logoutlocation:
  world: LionHUB
  x: 950.7450839924135
  y: 37.0
  z: -409.70302321486577
  yaw: 268.6294
  pitch: 5.4443374
