timestamps:
  lastteleport: 1499901720373
  login: 1499901706378
  logout: 1499901719195
lastlocation:
  world: LionHUB
  x: 49.23790120048649
  y: 4.0
  z: -91.5082848756997
  yaw: 92.28638
  pitch: 74.49833
lastAccountName: sriZ2vGovi2GIh0g
socialspy: false
ipAddress: 45.46.70.131
logoutlocation:
  world: LionHUB
  x: 93.5
  y: 45.0
  z: -62.5
  yaw: -359.88382
  pitch: -20.032845
