lastlocation:
  world: FFA
  x: 21.628892516731256
  y: 28.0
  z: -714.2686760822384
  yaw: -177.6575
  pitch: 6.4430785
lastAccountName: zack_is_the_king
timestamps:
  login: 1518475332873
  logout: 1518475379331
ipAddress: 100.38.40.241
money: '0.0'
logoutlocation:
  world: FFAnormal
  x: 14.660362830268909
  y: 15.0
  z: 11.061220107724072
  yaw: -212.40843
  pitch: 12.69723
