lastlocation:
  world: LionHUB
  x: 945.7049630266246
  y: 37.0
  z: -410.53199793548794
  yaw: -212.12756
  pitch: -4.199998
