lastAccountName: FlameSoar
timestamps:
  login: 1505087777952
  lastteleport: 1505082305443
  logout: 1505087801703
ipAddress: 70.162.170.84
socialspy: false
lastlocation:
  world: LionHUB
  x: 91.15622090696205
  y: 47.0
  z: -59.02278031743859
  yaw: 183.07205
  pitch: 28.186089
logoutlocation:
  world: LionHUB
  x: 93.51999108110613
  y: 45.0
  z: -62.30000001192093
  yaw: 5.3968344
  pitch: 32.90298
