lastlocation:
  world: LionHUB
  x: 942.0
  y: 38.0
  z: -415.0
  yaw: -1.2
  pitch: 5.55
lastAccountName: AssassinDroido
timestamps:
  login: 1513168466318
  lastteleport: 1513168493231
  logout: 1513168637712
ipAddress: 81.97.73.61
money: '0.0'
logoutlocation:
  world: Factions
  x: 18.300000011920933
  y: 43.0
  z: -438.7403041570581
  yaw: 307.8097
  pitch: -22.05001
