lastlocation:
  world: LionHUB
  x: 942.0
  y: 38.0
  z: -415.0
  yaw: 0.0
  pitch: 0.0
lastAccountName: olur47
timestamps:
  login: 1512108732144
  logout: 1512108782012
ipAddress: 88.248.106.64
logoutlocation:
  world: LionHUB
  x: 943.024967873006
  y: 38.0
  z: -414.00871178948216
  yaw: 135.261
  pitch: 18.931654
