lastlocation:
  world: LionHUB
  x: 942.8701668003622
  y: 37.0
  z: -406.17234300564473
  yaw: 1.9961548
  pitch: 48.19321
lastAccountName: Matteob07
timestamps:
  login: 1515195467995
  lastteleport: 1515195494431
  kits:
    starter: 1515065197689
  logout: 1515195584357
ipAddress: 138.219.216.4
money: '0.0'
logoutlocation:
  world: Factions
  x: 128.48415416109845
  y: 63.0
  z: -249.3284779085681
  yaw: 350.47562
  pitch: 72.77482
