lastlocation:
  world: LionHUB
  x: 942.9435926100658
  y: 38.0
  z: -414.1820171463265
  yaw: 3.7630615
  pitch: 17.30189
lastAccountName: agia123
timestamps:
  login: 1510147221197
  logout: 1510147334464
ipAddress: 110.139.248.66
logoutlocation:
  world: LionHUB
  x: 943.0081757398174
  y: 38.0
  z: -414.98480923021845
  yaw: 42.572456
  pitch: 14.100022
