lastAccountName: Volcanoe28
timestamps:
  login: 1503470763231
  logout: 1503470971306
  lastteleport: 1503398883126
ipAddress: 110.144.9.203
socialspy: false
logoutlocation:
  world: LionHUB
  x: 91.38882921399117
  y: 46.0
  z: -62.61112083288381
  yaw: -356.04733
  pitch: 19.38252
lastlocation:
  world: LionHUB
  x: 93.95297892542317
  y: 47.0
  z: -47.77695014093767
  yaw: 8.605621
  pitch: -12.437574
