socialspy: false
lastAccountName: RKYXD
timestamps:
  login: 1503795755865
  lastteleport: 1503791900448
  logout: 1503795784747
ipAddress: 51.235.15.55
lastlocation:
  world: MainLobby
  x: 41.949999988079064
  y: 61.00133597911215
  z: 2.753847411890179
  yaw: -77.57084
  pitch: 90.0
logoutlocation:
  world: LionHUB
  x: 93.16499596686924
  y: 46.0
  z: -70.69999998807907
  yaw: 198.8368
  pitch: 20.91217
nickname: RKYXD
