lastlocation:
  world: LionHUB
  x: 942.0
  y: 38.0
  z: -415.0
  yaw: 0.0
  pitch: 0.0
lastAccountName: monica1738
timestamps:
  login: 1516154855664
  logout: 1516155107212
ipAddress: 73.232.160.67
logoutlocation:
  world: LionHUB
  x: 931.0360872412118
  y: 33.0
  z: -393.9877204657761
  yaw: -314.72742
  pitch: 15.90001
