lastlocation:
  world: LionHUB
  x: 942.9847941585354
  y: 38.0
  z: -414.80756805231493
  yaw: -359.53693
  pitch: 4.701889
lastAccountName: TImePxl
timestamps:
  login: 1510489094604
  logout: 1510489165006
ipAddress: 104.249.225.0
logoutlocation:
  world: LionHUB
  x: 938.698173233352
  y: 36.0
  z: -438.4168774199153
  yaw: 175.009
  pitch: 29.19597
