lastlocation:
  world: LionHUB
  x: 943.0195191088159
  y: 38.0
  z: -414.25812266697704
  yaw: -0.47781372
  pitch: -3.5336792
lastAccountName: _IchMagDonuts_
timestamps:
  login: 1511979716006
  lastteleport: 1511532625645
  logout: 1511979756635
ipAddress: 79.208.151.252
logoutlocation:
  world: LionHUB
  x: 928.9038617908944
  y: 37.0
  z: -407.24927022604754
  yaw: -126.827805
  pitch: -0.53151727
money: '0.0'
