lastlocation:
  world: lobby_practice
  x: 2219.3330747062737
  y: 67.0
  z: -6562.459010104633
  yaw: -88.934814
  pitch: 0.0
