timestamps:
  lastteleport: 1499926087415
  login: 1499925842607
  logout: 1499926086911
lastlocation:
  world: LionHUB
  x: 90.88901213520212
  y: 46.0
  z: -64.4769179048656
  yaw: 45.971313
  pitch: 2.7555852
socialspy: false
lastAccountName: xRasengan
ipAddress: 184.176.110.169
logoutlocation:
  world: LionHUB
  x: 93.5
  y: 45.0
  z: -62.5
  yaw: -359.88382
  pitch: -20.032845
