lastAccountName: hammer4ever
timestamps:
  login: 1506173802556
  logout: 1506173833559
ipAddress: 83.128.50.12
socialspy: false
logoutlocation:
  world: LionHUB
  x: 94.5931836324835
  y: 47.0
  z: -48.42569594769461
  yaw: -43.263348
  pitch: 7.1121864
