lastAccountName: TuanHai
timestamps:
  login: 1503724707703
  logout: 1503724742730
  lastteleport: 1503465722039
ipAddress: 123.16.16.31
socialspy: false
logoutlocation:
  world: LionHUB
  x: 95.66447203852434
  y: 46.0
  z: -58.69999998807907
  yaw: -160.31038
  pitch: 46.337635
lastlocation:
  world: LionHUB
  x: 98.86783089493268
  y: 46.5
  z: -61.147297124812695
  yaw: -146.85396
  pitch: 63.158134
