lastlocation:
  world: LionHUB
  x: 942.0
  y: 38.0
  z: -415.0
  yaw: 0.0
  pitch: 0.0
lastAccountName: _TygoDerper_
timestamps:
  login: 1516993397708
  logout: 1516993405384
ipAddress: 62.45.142.112
logoutlocation:
  world: LionHUB
  x: 941.2475083550081
  y: 37.5
  z: -412.7194707853894
  yaw: 114.39525
  pitch: 22.037556
