lastlocation:
  world: LionHUB
  x: 942.286955315255
  y: 38.0
  z: -466.87622432116723
  yaw: -176.57861
  pitch: 16.306509
lastAccountName: thekennyOG
timestamps:
  login: 1512690158968
  lastteleport: 1512690187260
  kits:
    starter: 1512690202713
  logout: 1512690768883
ipAddress: 92.232.50.109
money: '0.0'
logoutlocation:
  world: Factions
  x: 122.0
  y: 71.0
  z: -312.0
  yaw: 0.0
  pitch: 0.0
