timestamps:
  lastteleport: 1501943099914
  login: 1501943066289
  logout: 1501943437064
lastlocation:
  world: LionHUB
  x: 90.02154699591503
  y: 46.0
  z: -57.586230852293674
  yaw: -59.921448
  pitch: 4.8890862
socialspy: false
lastAccountName: IDarkIV
ipAddress: 85.154.151.154
logoutlocation:
  world: MainLobby
  x: 30.24040751951067
  y: 57.104080378093045
  z: 3.5155268734023015
  yaw: -176.55566
  pitch: 3.0694864
