lastlocation:
  world: LionHUB
  x: 942.0
  y: 38.0
  z: -415.0
  yaw: -0.30767012
  pitch: 0.46150517
lastAccountName: H0B00
timestamps:
  login: 1514615116254
  logout: 1514615118375
ipAddress: 42.61.224.175
logoutlocation:
  world: LionHUB
  x: 943.0195191088159
  y: 38.0
  z: -414.25812266697704
  yaw: -0.6316488
  pitch: -3.3798442
