lastlocation:
  world: LionHUB
  x: 746.1553909276577
  y: 2.0
  z: 3932.700620791095
  yaw: -298.18658
  pitch: 31.488895
