lastlocation:
  world: LionHUB
  x: 943.190648472077
  y: 38.0
  z: -363.1531207536146
  yaw: 359.75018
  pitch: 16.643068
lastAccountName: xXotu6i6Xx
timestamps:
  login: 1510941174498
  lastteleport: 1510941213674
  logout: 1510941233470
ipAddress: 83.254.140.119
logoutlocation:
  world: MainLobby
  x: 9.666648561376658
  y: 60.0
  z: 0.579911217507166
  yaw: -95.4385
  pitch: 17.197294
