lastlocation:
  world: LionHUB
  x: 942.9847941585354
  y: 38.0
  z: -414.80756805231493
  yaw: -359.53693
  pitch: 4.701889
lastAccountName: dupoint
timestamps:
  login: 1508564382592
  logout: 1508564563890
ipAddress: 175.158.225.198
logoutlocation:
  world: LionHUB
  x: 942.9991382224716
  y: 37.5
  z: -412.82453847372693
  yaw: 355.84665
  pitch: 2.907533
