lastAccountName: billdozer7
timestamps:
  login: 1503992704266
  logout: 1503993083354
  lastteleport: 1503993044583
ipAddress: 60.227.221.251
socialspy: false
logoutlocation:
  world: SkyBlock
  x: 0.0
  y: 65.0
  z: 0.0
  yaw: 216.69952
  pitch: 34.49999
lastlocation:
  world: LionHUB
  x: 91.52854412488645
  y: 46.0
  z: -61.78867980283211
  yaw: -5.463212
  pitch: -23.337835
