lastlocation:
  world: LionHUB
  x: 746.4592455243042
  y: 10.0
  z: 3608.7898504515924
  yaw: -0.10546875
  pitch: -4.859901
lastAccountName: Amarax
timestamps:
  login: 1517955208688
  logout: 1517955246272
ipAddress: 108.232.153.90
logoutlocation:
  world: LionHUB
  x: 740.9478630735385
  y: 10.5
  z: 3613.8755325419434
  yaw: -314.64847
  pitch: 30.836937
