lastAccountName: SaFa7Yabooooiiii
timestamps:
  login: 1501673390351
  logout: 1501673468151
ipAddress: 83.219.195.119
socialspy: false
logoutlocation:
  world: LionHUB
  x: 93.50848809898889
  y: 45.0
  z: -62.54658081977909
  yaw: 1.2886657
  pitch: -1.4110628
