lastlocation:
  world: LionHUB
  x: 942.9395244330399
  y: 38.0
  z: -414.9798036988763
  yaw: -4.153345
  pitch: 2.907533
lastAccountName: Sol_3
timestamps:
  login: 1507943048030
  logout: 1507943049476
ipAddress: 73.159.157.194
logoutlocation:
  world: LionHUB
  x: 943.0308969703668
  y: 37.5
  z: -413.2009526229106
  yaw: 355.84665
  pitch: 2.907533
