lastAccountName: tsj08
timestamps:
  login: 1506540273675
  logout: 1506540398189
ipAddress: 98.5.119.162
socialspy: false
logoutlocation:
  world: LionHUB
  x: 93.64153389502748
  y: 46.0
  z: -93.69999998807907
  yaw: 178.42877
  pitch: 2.0540404
lastlocation:
  world: LionHUB
  x: 93.61093011685188
  y: 46.0
  z: -69.7206799142874
  yaw: 358.79456
  pitch: 8.776139
