lastlocation:
  world: LionHUB
  x: 942.9998072054975
  y: 38.0
  z: -414.05847295537444
  yaw: 8.146717
  pitch: -2.4924679
lastAccountName: IlanBoost
timestamps:
  login: 1508864219608
  logout: 1508864243278
ipAddress: 109.67.57.234
logoutlocation:
  world: LionHUB
  x: 942.0462965226341
  y: 38.0
  z: -414.94645831199523
  yaw: 141.49673
  pitch: 10.7075405
