lastlocation:
  world: LionHUB
  x: 736.8858616913313
  y: 2.4807108763316927
  z: 3924.647574821387
  yaw: -136.37819
  pitch: 4.9697666
money: '100.0'
lastAccountName: Trace7277
timestamps:
  login: 1517700018271
  lastteleport: 1517699872326
  logout: 1517700043766
ipAddress: 75.111.210.150
logoutlocation:
  world: LionHUB
  x: 747.3881291954831
  y: 10.0
  z: 3607.810517088787
  yaw: -218.80544
  pitch: 12.390097
