lastAccountName: STCaptainZ
timestamps:
  login: 1502966629242
  logout: 1502966632896
ipAddress: 180.242.66.157
socialspy: false
logoutlocation:
  world: LionHUB
  x: 93.50848809898889
  y: 45.0
  z: -62.54658081977909
  yaw: 1.2886657
  pitch: -1.4110628
