lastlocation:
  world: LionHUB
  x: 942.0
  y: 38.0
  z: -415.0
  yaw: 0.0
  pitch: 0.0
lastAccountName: Popusic
timestamps:
  login: 1514326944626
  logout: 1514327117445
ipAddress: 31.176.199.148
logoutlocation:
  world: LionHUB
  x: 942.0792632052326
  y: 37.0
  z: -411.2752243307298
  yaw: 358.80002
  pitch: 0.30000022
