lastAccountName: ErsaGames
timestamps:
  login: 1506271117970
  logout: 1506271154771
ipAddress: 2.4.56.8
socialspy: false
logoutlocation:
  world: FFA
  x: 13.0
  y: 11.0
  z: -149.0
  yaw: 311.82443
  pitch: -0.019822171
