lastlocation:
  world: LionHUB
  x: 941.342609496096
  y: 37.0
  z: -366.7114493945359
  yaw: 2.304624
  pitch: 3.1606274
lastAccountName: SlyShotxX
timestamps:
  login: 1512211448502
  lastteleport: 1512211467147
  logout: 1512211509101
ipAddress: 81.96.122.147
money: '0.0'
logoutlocation:
  world: Factions
  x: 121.7072932250545
  y: 63.0
  z: -229.42187978825922
  yaw: 0.6161936
  pitch: 0.5688415
