lastlocation:
  world: LionHUB
  x: 942.2170617723458
  y: 37.0
  z: -412.0807645530299
  yaw: -212.12756
  pitch: -4.199998
