lastlocation:
  world: LionHUB
  x: 746.4592455243042
  y: 10.0
  z: 3608.7898504515924
  yaw: -0.10546875
  pitch: -4.859901
lastAccountName: DarkShadow99
timestamps:
  login: 1517533688537
  logout: 1517533748778
ipAddress: 71.201.211.194
logoutlocation:
  world: LionHUB
  x: 750.335145141976
  y: 6.0
  z: 3587.390680097739
  yaw: -343.15564
  pitch: 30.149992
