lastlocation:
  world: LionHUB
  x: 921.8915569090472
  y: 33.0
  z: -387.77730882275984
  yaw: -140.083
  pitch: 4.2168946
lastAccountName: Sweetman22
timestamps:
  login: 1516825385909
  lastteleport: 1516825496753
  logout: 1516825501111
ipAddress: 84.39.31.223
money: '0.0'
logoutlocation:
  world: MainLobby
  x: 5.991603117841082
  y: 59.5
  z: 0.49709301730035804
  yaw: -90.30887
  pitch: 2.0945766
