timestamps:
  lastteleport: 1498331234454
  login: 1498331130094
  logout: 1498331233552
lastlocation:
  world: MainLobby
  x: 21.19146350766207
  y: 57.0
  z: -9.003961695137274
  yaw: -160.7808
  pitch: -21.695654
lastAccountName: 3rbGamingFTW
ipAddress: 2.90.232.80
socialspy: false
logoutlocation:
  world: LionHUB
  x: 30.5
  y: 67.0
  z: 15.5
  yaw: 90.11987
  pitch: -0.34908158
