timestamps:
  lastteleport: 1501400123485
  login: 1501400098790
  logout: 1501400164243
lastlocation:
  world: LionHUB
  x: 93.12633105128499
  y: 46.0
  z: -54.880179455610005
  yaw: 7.2867866
  pitch: 65.912155
socialspy: false
lastAccountName: CuzimSonicYT
ipAddress: 188.193.230.190
logoutlocation:
  world: MainLobby
  x: 17.83211722650778
  y: 57.0
  z: -1.667793733629169
  yaw: -172.63072
  pitch: 57.80432
