lastlocation:
  world: LionHUB
  x: 746.4592455243042
  y: 10.0
  z: 3608.7898504515924
  yaw: -0.10546875
  pitch: -4.859901
lastAccountName: CxndyTV
timestamps:
  login: 1517726970193
  logout: 1517726987407
ipAddress: 210.49.210.118
logoutlocation:
  world: LionHUB
  x: 754.6608617761783
  y: 5.0
  z: 3576.307921012907
  yaw: 189.94444
  pitch: 31.04091
