lastlocation:
  world: KitPvP
  x: 341.5
  y: 23.0
  z: -735.5
  yaw: -177.40569
  pitch: 20.313814
lastAccountName: ilyachoas
timestamps:
  login: 1517722378648
  lastteleport: 1517723431845
  logout: 1517723567849
ipAddress: 99.58.174.120
money: '0.0'
logoutlocation:
  world: KitPvP
  x: 334.7305360780449
  y: 23.0
  z: -729.9013645409966
  yaw: -111.615814
  pitch: 10.049397
