lastlocation:
  world: LionHUB
  x: 943.8578050202119
  y: 38.0
  z: -363.0222611717747
  yaw: 9.122186
  pitch: 13.866326
lastAccountName: xAssassinProx
timestamps:
  login: 1515886900075
  lastteleport: 1515886929797
  logout: 1515886944906
ipAddress: 174.117.247.122
money: '0.0'
logoutlocation:
  world: MainLobby
  x: 34.71744989109956
  y: 57.0
  z: -1.0913750508983766
  yaw: -225.51358
  pitch: 5.676351
