timestamps:
  lastteleport: 1499901678113
  login: 1499901675947
lastlocation:
  world: LionHUB
  x: 49.23790120048649
  y: 4.0
  z: -91.5082848756997
  yaw: 92.28638
  pitch: 74.49833
socialspy: false
lastAccountName: UAvjO8oirsOrIvpZ
ipAddress: 166.111.152.17
logoutlocation:
  world: LionHUB
  x: 49.23790120048649
  y: 4.0
  z: -91.5082848756997
  yaw: 92.28638
  pitch: 74.49833
