lastlocation:
  world: LionHUB
  x: 942.0
  y: 38.0
  z: -415.0
  yaw: 0.0
  pitch: 0.0
lastAccountName: juliageme
timestamps:
  login: 1515475049231
  logout: 1515475084127
ipAddress: 170.231.140.2
money: '500.0'
logoutlocation:
  world: LionHUB
  x: 943.0195191088159
  y: 38.0
  z: -414.25812266697704
  yaw: -2.0704598
  pitch: 16.108955
