lastlocation:
  world: UhcMeetup
  x: 154.04479577971233
  y: 69.0
  z: 91.37173688309358
  yaw: 344.60052
  pitch: -71.40001
lastAccountName: blaves
timestamps:
  login: 1512236234958
  lastteleport: 1512236350805
  logout: 1512236610923
ipAddress: 24.33.72.225
money: '0.0'
logoutlocation:
  world: MainLobby
  x: 9.999723754782126
  y: 58.0
  z: -0.5569109026204884
  yaw: 82.30001
  pitch: 22.099995
