lastAccountName: amii_creepergirl
timestamps:
  login: 1501754378334
  logout: 1501754395234
ipAddress: 42.61.224.204
socialspy: false
logoutlocation:
  world: LionHUB
  x: 93.50848809898889
  y: 45.0
  z: -62.54658081977909
  yaw: 1.2886657
  pitch: -1.4110628
