lastAccountName: Mario_o4
timestamps:
  login: 1502571034096
  logout: 1502571048517
ipAddress: 92.221.0.122
socialspy: false
logoutlocation:
  world: LionHUB
  x: 92.991149798338
  y: 46.0
  z: -56.16748512985687
  yaw: 1.4386656
  pitch: -1.5610628
