lastAccountName: _Quastic_
timestamps:
  login: 1502922136239
  lastteleport: 1502922052911
  logout: 1502922148912
ipAddress: 99.16.255.55
socialspy: false
lastlocation:
  world: LionHUB
  x: 93.51999108110613
  y: 45.0
  z: -62.30000001192093
  yaw: -1.2632126
  pitch: 11.762165
logoutlocation:
  world: LionHUB
  x: 95.06079550442185
  y: 46.0
  z: -67.796411874217
  yaw: -1.2632126
  pitch: 11.762165
