timestamps:
  lastteleport: 1499706157896
  login: 1499706155994
lastlocation:
  world: LionHUB
  x: 93.48071118403654
  y: 45.7531999805212
  z: -62.36581831956012
  yaw: -319.88382
  pitch: -20.032845
lastAccountName: HGHGHG
ipAddress: 37.77.55.111
socialspy: false
logoutlocation:
  world: LionHUB
  x: 93.5
  y: 45.0
  z: -62.5
  yaw: -359.88382
  pitch: -20.032845
