timestamps:
  lastteleport: 1499901710682
  login: 1499901668086
  logout: 1499901709128
lastlocation:
  world: LionHUB
  x: 93.35
  y: 45.0
  z: -62.35
  yaw: -359.88382
  pitch: -20.032845
socialspy: false
lastAccountName: dXpYJrvdEDzlxkDC
ipAddress: 46.28.194.19
logoutlocation:
  world: LionHUB
  x: 93.5
  y: 45.0
  z: -62.5
  yaw: -359.88382
  pitch: -20.032845
