lastlocation:
  world: LionHUB
  x: 943.0195191088159
  y: 38.0
  z: -414.25812266697704
  yaw: -0.47781372
  pitch: -3.5336792
lastAccountName: KostqsG
timestamps:
  login: 1514471760479
  lastteleport: 1513961348504
  logout: 1514471835074
ipAddress: 46.12.121.97
money: '500.0'
logoutlocation:
  world: LionHUB
  x: 943.024319378749
  y: 38.78502770378924
  z: -411.8693937931773
  yaw: 359.5222
  pitch: -3.5336792
