lastAccountName: miracleXgod
timestamps:
  login: 1504092090959
  logout: 1504092136634
ipAddress: 95.234.19.217
socialspy: false
logoutlocation:
  world: LionHUB
  x: 95.49263384427636
  y: 47.0
  z: -52.30690511314192
  yaw: -81.69286
  pitch: 12.2096405
