lastAccountName: Im3z5le
timestamps:
  login: 1503651645530
  logout: 1503651766150
ipAddress: 212.237.120.220
socialspy: false
logoutlocation:
  world: LionHUB
  x: 93.04427805706817
  y: 45.5
  z: -62.90597047617412
  yaw: 181.00496
  pitch: 15.868
