lastlocation:
  world: LionHUB
  x: 746.4592455243042
  y: 10.0
  z: 3608.7898504515924
  yaw: 1.6474999
  pitch: -3.0234582
lastAccountName: MarViGaming
timestamps:
  login: 1517424298862
  logout: 1517424321775
ipAddress: 79.139.19.136
logoutlocation:
  world: LionHUB
  x: 753.3797048611888
  y: 10.0
  z: 3610.5889783014477
  yaw: 81.950096
  pitch: 4.0719132
