lastAccountName: yazinkiller
timestamps:
  login: 1505401166749
  lastteleport: 1505401220509
  logout: 1505401229910
ipAddress: 198.144.106.12
socialspy: false
lastlocation:
  world: LionHUB
  x: 93.56014196305478
  y: 46.0
  z: -57.99004185016159
  yaw: -0.74993074
  pitch: 9.195755
logoutlocation:
  world: MainLobby
  x: 28.284143626259528
  y: 79.0
  z: 488.3164346746325
  yaw: -271.08282
  pitch: 32.120758
