timestamps:
  lastteleport: 1498468746398
  login: 1498468734590
  logout: 1498468744190
lastlocation:
  world: LionHUB
  x: 30.5
  y: 67.0
  z: 15.5
  yaw: 90.11987
  pitch: -0.34908158
socialspy: false
lastAccountName: JIHLUYP
ipAddress: 179.43.158.154
logoutlocation:
  world: LionHUB
  x: 30.5
  y: 67.0
  z: 15.5
  yaw: 90.11987
  pitch: -0.34908158
