lastlocation:
  world: LionHUB
  x: 746.4592455243042
  y: 10.0
  z: 3608.7898504515924
  yaw: -0.10546875
  pitch: -4.859901
lastAccountName: SirPanebianco
timestamps:
  login: 1518291575618
  logout: 1518291606861
ipAddress: 79.51.178.251
logoutlocation:
  world: LionHUB
  x: 788.3914695758763
  y: 97.0
  z: 3617.037103665749
  yaw: -277.75482
  pitch: 14.399984
