lastlocation:
  world: LionHUB
  x: 994.887989633111
  y: 38.0
  z: -415.67052762530915
  yaw: 281.1598
  pitch: 4.0625825
lastAccountName: yvngzggy
timestamps:
  login: 1514142161224
  lastteleport: 1514142212926
  logout: 1514142216859
ipAddress: 99.242.74.224
money: '0.0'
logoutlocation:
  world: Sg
  x: -99.43549170359867
  y: 5.0
  z: 45.393089697416826
  yaw: -172.02205
  pitch: -0.6059215
