timestamps:
  lastteleport: 1499901651971
  login: 1499901647057
  logout: 1499901650935
lastlocation:
  world: LionHUB
  x: 93.35
  y: 45.0
  z: -62.35
  yaw: -359.88382
  pitch: -20.032845
lastAccountName: _xjnb8Dxnt_Jd5lo
ipAddress: 216.167.191.93
socialspy: false
logoutlocation:
  world: LionHUB
  x: 93.5
  y: 45.0
  z: -62.5
  yaw: -359.88382
  pitch: -20.032845
