timestamps:
  lastteleport: 1499223161088
  login: 1499223129951
  logout: 1499223158836
lastlocation:
  world: LionHUB
  x: 93.49987955242949
  y: 45.0
  z: -62.501218622575834
  yaw: -78.465965
  pitch: 24.3
socialspy: false
lastAccountName: TragicApple
ipAddress: 73.54.249.184
logoutlocation:
  world: LionHUB
  x: 93.5
  y: 45.0
  z: -62.5
  yaw: -179.4159
  pitch: 90.0
