lastlocation:
  world: LionHUB
  x: 746.4592455243042
  y: 10.0
  z: 3608.7898504515924
  yaw: 8.839111
  pitch: -16.066307
lastAccountName: DiscoverPat
timestamps:
  login: 1517537651069
  logout: 1517538162567
ipAddress: 69.122.219.76
money: '0.0'
logoutlocation:
  world: MainLobby
  x: 22.194782010958626
  y: 58.0
  z: 2.6675071942659354
  yaw: 106.68628
  pitch: 21.703945
