lastlocation:
  world: LionHUB
  x: 742.2112471237497
  y: 9.5
  z: 3617.300000011921
  yaw: 305.8949
  pitch: -8.909887
lastAccountName: CrazyIngots
timestamps:
  login: 1520545704430
  lastteleport: 1517796656069
  logout: 1520545709101
ipAddress: 98.143.68.183
money: '0.0'
afk: false
logoutlocation:
  world: LionHUB
  x: 746.4597866509635
  y: 10.0
  z: 3610.395847956778
  yaw: -0.10546875
  pitch: -4.859901
