lastlocation:
  world: MainLobby
  x: -0.5335005639400162
  y: 60.0
  z: 0.46918172662426155
  yaw: -89.0
  pitch: 2.0
lastAccountName: Sheiko
timestamps:
  login: 1507929444693
  lastteleport: 1507929465473
  logout: 1507929540613
ipAddress: 185.29.165.203
logoutlocation:
  world: MainLobby
  x: -0.31046314608046494
  y: 60.0
  z: -0.21139298250182398
  yaw: -68.30015
  pitch: 11.0499735
