lastlocation:
  world: LionHUB
  x: 942.0
  y: 38.0
  z: -415.0
  yaw: 0.0
  pitch: 0.0
lastAccountName: xaliyanxX
timestamps:
  login: 1515416324898
  logout: 1515416351279
ipAddress: 111.88.35.188
logoutlocation:
  world: LionHUB
  x: 943.0235591849076
  y: 37.0
  z: -411.18642532826783
  yaw: -109.52781
  pitch: 13.716321
