lastAccountName: MendugaDuga
timestamps:
  login: 1502280894014
  logout: 1502280921867
ipAddress: 36.82.229.81
socialspy: false
logoutlocation:
  world: LionHUB
  x: 92.66431391692402
  y: 46.0
  z: -58.99494293480885
  yaw: -4.111302
  pitch: 13.738943
