socialspy: false
lastAccountName: EPlQ
timestamps:
  login: 1507078135715
  logout: 1505685658134
  lastteleport: 1504379565559
ipAddress: 76.119.196.83
logoutlocation:
  world: LionHUB
  x: 943.0644037800563
  y: 38.0
  z: -414.69615849648756
  yaw: 358.24664
  pitch: 1.7075297
lastlocation:
  world: LionHUB
  x: 93.93439300535866
  y: 47.0
  z: -51.96734487533957
  yaw: 180.5581
  pitch: 15.090927
