timestamps:
  lastteleport: 1499901723659
  login: 1499901699173
  logout: 1499901721847
lastlocation:
  world: LionHUB
  x: 93.35
  y: 45.0
  z: -62.35
  yaw: -359.88382
  pitch: -20.032845
socialspy: false
lastAccountName: 6pH2BflldY59h6yj
ipAddress: 97.74.230.213
logoutlocation:
  world: LionHUB
  x: 93.5
  y: 45.0
  z: -62.5
  yaw: -359.88382
  pitch: -20.032845
