lastlocation:
  world: LionHUB
  x: 944.644724796651
  y: 37.0
  z: -370.83966217170996
  yaw: -1.0778139
  pitch: 8.166321
lastAccountName: ZyTheTurtle
timestamps:
  login: 1515040579870
  lastteleport: 1515040719030
  logout: 1515040866749
ipAddress: 179.52.34.176
money: '0.0'
logoutlocation:
  world: MainLobby
  x: 16.600755179097845
  y: 57.0
  z: 0.7056527667468178
  yaw: 140.33658
  pitch: 9.726353
