lastlocation:
  world: Factions
  x: 121.95778787926622
  y: 70.0625
  z: -314.6609622884698
  yaw: -221.3177
  pitch: -0.028985312
lastAccountName: mikaelmt
timestamps:
  login: 1513940344309
  lastteleport: 1513940362635
  kits:
    starter: 1513940383971
  logout: 1513940406101
ipAddress: 89.27.75.206
money: '0.0'
logoutlocation:
  world: Factions
  x: 112.46984274164286
  y: 68.0
  z: -289.6176365570013
  yaw: 36.327
  pitch: 19.911417
