lastAccountName: Super_Monkey166
timestamps:
  login: 1501220438035
  lastteleport: 1501220779427
  logout: 1501222064812
ipAddress: 121.211.212.14
socialspy: false
logoutlocation:
  world: MainLobby
  x: 1.0
  y: 60.0
  z: 0.0
  yaw: 272.46893
  pitch: 0.0
lastlocation:
  world: LionHUB
  x: 97.5927196331488
  y: 46.0
  z: -64.78459602300794
  yaw: 282.76123
  pitch: 48.263332
