lastAccountName: Sonic102903
timestamps:
  login: 1503028900619
  lastteleport: 1503028906724
  logout: 1503029470008
ipAddress: 107.210.157.215
socialspy: false
lastlocation:
  world: LionHUB
  x: 93.89506212035735
  y: 47.5
  z: -47.19079202667839
  yaw: 8.338664
  pitch: -4.861063
logoutlocation:
  world: MainLobby
  x: 2.7327360754202186
  y: 60.0
  z: -0.019223841055386187
  yaw: -30.94999
  pitch: 23.74999
