lastlocation:
  world: LionHUB
  x: 942.2536147646606
  y: 37.5
  z: -404.7771694232066
  yaw: -1.2176745
  pitch: 5.1412916
lastAccountName: GtxHoe
timestamps:
  login: 1513996620135
  lastteleport: 1513996643127
  logout: 1513996647028
ipAddress: 96.230.152.19
money: '0.0'
logoutlocation:
  world: SkyBlock
  x: 0.5
  y: 65.0
  z: 0.5
  yaw: -0.5006714
  pitch: 1.4008675
