lastlocation:
  world: LionHUB
  x: 699.4692353712319
  y: 5.5
  z: 3559.300000011921
  yaw: -232.60547
  pitch: 2.3400981
lastAccountName: xXSIL3NTD3ATHXx
timestamps:
  login: 1521364929891
  logout: 1521367977051
  lastteleport: 1521367864919
ipAddress: 72.208.126.141
logoutlocation:
  world: Sg
  x: -78.92500001192096
  y: 15.0
  z: 94.69999998807907
  yaw: 307.6169
  pitch: 30.215687
money: '0.0'
