timestamps:
  lastteleport: 1499901647439
  login: 1499901644625
lastlocation:
  world: LionHUB
  x: 93.5
  y: 45.0
  z: -62.5
  yaw: -359.88382
  pitch: -20.032845
socialspy: false
lastAccountName: e7VxT3nsxm4hMxY1
ipAddress: 94.177.216.236
logoutlocation:
  world: LionHUB
  x: 93.5
  y: 45.0
  z: -62.5
  yaw: -359.88382
  pitch: -20.032845
