lastlocation:
  world: LionHUB
  x: 942.9847941585354
  y: 38.0
  z: -414.80756805231493
  yaw: -359.53693
  pitch: 4.701889
lastAccountName: awseomeguy531
timestamps:
  login: 1511881452829
  logout: 1511881455637
ipAddress: 73.98.178.23
logoutlocation:
  world: LionHUB
  x: 942.9847941585354
  y: 38.0
  z: -414.80756805231493
  yaw: -346.60983
  pitch: 5.0333514
