timestamps:
  lastteleport: 1498550363464
  login: 1498550355267
  logout: 1498550362010
lastlocation:
  world: LionHUB
  x: 30.5
  y: 67.0
  z: 15.5
  yaw: 90.11987
  pitch: -0.34908158
socialspy: false
lastAccountName: MrBedwarsJR
ipAddress: 76.94.156.14
logoutlocation:
  world: LionHUB
  x: 30.5
  y: 67.0
  z: 15.5
  yaw: 90.11987
  pitch: -0.34908158
