timestamps:
  lastteleport: 1498693374100
  login: 1498693343988
  logout: 1498693373598
lastlocation:
  world: LionHUB
  x: 30.5
  y: 67.0
  z: 15.5
  yaw: 90.11987
  pitch: -0.34908158
socialspy: false
lastAccountName: xWeeze_MC
ipAddress: 154.65.34.223
logoutlocation:
  world: LionHUB
  x: 30.5
  y: 67.0
  z: 15.5
  yaw: 90.11987
  pitch: -0.34908158
