timestamps:
  lastteleport: 1499901632791
  login: 1499901630437
  logout: 1499901630608
lastlocation:
  world: LionHUB
  x: 93.5
  y: 45.0
  z: -62.5
  yaw: -359.88382
  pitch: -20.032845
lastAccountName: ZPaqOC6g0YNJRuKf
ipAddress: 110.232.72.179
socialspy: false
logoutlocation:
  world: LionHUB
  x: 93.5
  y: 45.0
  z: -62.5
  yaw: -359.88382
  pitch: -20.032845
