socialspy: false
lastAccountName: HypixelisCracked
timestamps:
  login: 1506269931781
  lastteleport: 1506270018870
  logout: 1506270129693
ipAddress: 92.209.176.155
lastlocation:
  world: LionHUB
  x: 92.24344232488001
  y: 48.0
  z: -47.334313790237644
  yaw: -27.51184
  pitch: 15.088979
logoutlocation:
  world: MainLobby
  x: 5.26064850510524
  y: 59.5
  z: -0.10352574298443021
  yaw: -72.50007
  pitch: 11.149995
