lastlocation:
  world: LionHUB
  x: 943.0644037800563
  y: 38.0
  z: -414.69615849648756
  yaw: -1.7533569
  pitch: 1.7075297
lastAccountName: Basx
timestamps:
  login: 1507443881770
  logout: 1507443926674
ipAddress: 101.164.34.6
socialspy: false
logoutlocation:
  world: LionHUB
  x: 975.1232127598043
  y: 37.5
  z: -445.55620261901544
  yaw: 38.34778
  pitch: 7.5751915
