lastAccountName: Marchaly
timestamps:
  login: 1506204891920
  logout: 1506204972561
ipAddress: 200.86.109.151
socialspy: false
logoutlocation:
  world: LionHUB
  x: 93.31772891003274
  y: 46.0
  z: -60.27336101008504
  yaw: -189.51323
  pitch: -2.7878344
