timestamps:
  lastteleport: 1501263493998
  login: 1501263463225
  logout: 1501263502906
lastlocation:
  world: LionHUB
  x: 93.56203090535998
  y: 47.0
  z: -47.87624906803478
  yaw: 3.8077393
  pitch: -3.6597793
lastAccountName: Blank_infiety
ipAddress: 176.205.32.79
socialspy: false
afk: false
logoutlocation:
  world: MainLobby
  x: 39.118590383352526
  y: 59.0
  z: -1.0453042174775002
  yaw: 344.0201
  pitch: 20.61784
