timestamps:
  lastteleport: 1498985352871
  login: 1498985337900
  logout: 1498985350518
lastlocation:
  world: LionHUB
  x: 30.5
  y: 67.0
  z: 15.5
  yaw: 90.11987
  pitch: -0.34908158
lastAccountName: Unicornn_
ipAddress: 119.247.158.117
socialspy: false
logoutlocation:
  world: LionHUB
  x: 30.5
  y: 67.0
  z: 15.5
  yaw: 90.11987
  pitch: -0.34908158
godmode: false
nickname: §9§lUni§f§lcorn
