lastlocation:
  world: LionHUB
  x: 942.0
  y: 38.0
  z: -415.0
  yaw: 11.550001
  pitch: 11.699999
lastAccountName: dsdfsdf
timestamps:
  login: 1512424164182
  logout: 1512424216106
ipAddress: 77.138.198.14
logoutlocation:
  world: LionHUB
  x: 943.0367658115018
  y: 38.0
  z: -414.009568023337
  yaw: 355.92218
  pitch: 44.766315
