lastAccountName: 4bu4ku
timestamps:
  login: 1503799955933
  logout: 1503799970097
  lastteleport: 1503799916184
ipAddress: 24.79.249.72
socialspy: false
logoutlocation:
  world: LionHUB
  x: 93.52472609888355
  y: 45.0
  z: -62.030957459047634
  yaw: 358.7368
  pitch: 11.762165
lastlocation:
  world: LionHUB
  x: 93.96459034989455
  y: 49.0
  z: -45.30000001192093
  yaw: 61.22355
  pitch: 73.36572
