lastlocation:
  world: LionHUB
  x: 746.4592455243042
  y: 10.0
  z: 3608.7898504515924
  yaw: -0.10546875
  pitch: -4.859901
lastAccountName: LukeSkyCrafter
timestamps:
  login: 1518876217268
  logout: 1518876303450
ipAddress: 42.189.99.71
logoutlocation:
  world: LionHUB
  x: 735.9884303926751
  y: 5.0
  z: 3592.2421357657186
  yaw: -315.22144
  pitch: 8.333591
