lastlocation:
  world: LionHUB
  x: 698.98901178651
  y: 5.0
  z: 3655.9680120168678
  yaw: 33.944534
  pitch: 23.790083
money: '0.0'
lastAccountName: carlydarlynn
timestamps:
  login: 1517644978748
  lastteleport: 1517645405431
  logout: 1517645407419
ipAddress: 79.117.147.47
logoutlocation:
  world: LionHUB
  x: 746.5344942523857
  y: 2.0
  z: 3923.05383768576
  yaw: -174.4782
  pitch: 24.019802
