lastlocation:
  world: LionHUB
  x: 942.9974893307544
  y: 38.0
  z: -414.8892455425052
  yaw: 175.69682
  pitch: 35.699993
lastAccountName: exploadingtnt
timestamps:
  login: 1508343610901
  logout: 1508343730084
ipAddress: 61.2.77.102
logoutlocation:
  world: LionHUB
  x: 942.9859160896108
  y: 38.0
  z: -414.16411325855995
  yaw: 257.14667
  pitch: -3.6924891
