lastlocation:
  world: Breeze
  x: 10.85189063397841
  y: 69.0
  z: 27.62272831970076
  yaw: -150.68622
  pitch: 24.892792
lastAccountName: Chezburger581
timestamps:
  login: 1521364818751
  logout: 1521367966995
  lastteleport: 1521365882111
ipAddress: 70.190.30.16
logoutlocation:
  world: Sg
  x: -96.38001824117063
  y: 4.0
  z: 60.890426657104925
  yaw: 174.35156
  pitch: -90.0
money: '0.0'
