lastlocation:
  world: LionHUB
  x: 942.9847941585354
  y: 38.0
  z: -414.80756805231493
  yaw: -359.53693
  pitch: 4.701889
lastAccountName: amitgamer12
timestamps:
  login: 1508030913715
  logout: 1508031016212
ipAddress: 77.126.65.156
logoutlocation:
  world: LionHUB
  x: 942.3618715794123
  y: 38.0
  z: -414.98909762415997
  yaw: -266.53677
  pitch: 11.151889
