lastlocation:
  world: map
  x: -990.5
  y: 87.0
  z: 275.5
  yaw: -0.36170167
  pitch: -1.8668555
lastAccountName: Willeyyy
timestamps:
  login: 1519327022076
  lastteleport: 1519327053633
  logout: 1519327127734
ipAddress: 83.233.110.229
money: '0.0'
logoutlocation:
  world: map
  x: -997.2455686989629
  y: 31.0
  z: 258.3653540221393
  yaw: 330.3731
  pitch: 37.316074
