lastlocation:
  world: LionHUB
  x: 952.400754690394
  y: 53.0
  z: -430.8003372181347
  yaw: 104.746704
  pitch: 27.20752
lastAccountName: RobiCooper
timestamps:
  login: 1508739226816
  logout: 1508739334639
  lastteleport: 1508739301565
ipAddress: 101.165.128.231
logoutlocation:
  world: parkour
  x: -3.126637264729427
  y: 20.0
  z: 0.7709595749541343
  yaw: 88.94886
  pitch: 16.049984
