lastAccountName: luber225577
timestamps:
  login: 1502306367689
  lastteleport: 1502306376431
  logout: 1502306424012
ipAddress: 85.146.3.105
socialspy: false
lastlocation:
  world: LionHUB
  x: 93.4166293326416
  y: 47.0
  z: -48.696364829420894
  yaw: 0.5661948
  pitch: 1.2339154
logoutlocation:
  world: MainLobby
  x: -240.75769594089923
  y: 4.0
  z: -213.92466021440285
  yaw: -228.18726
  pitch: 27.537346
