lastAccountName: MinivitaPVP
timestamps:
  login: 1502216889167
  logout: 1502216912027
ipAddress: 82.243.101.101
socialspy: false
logoutlocation:
  world: LionHUB
  x: 93.50848809898889
  y: 45.0
  z: -62.54658081977909
  yaw: -5.1515994
  pitch: 11.535179
