lastAccountName: The_Thunder123
timestamps:
  login: 1504427369307
  lastteleport: 1504426816580
  logout: 1504427427581
ipAddress: 124.106.136.92
socialspy: false
lastlocation:
  world: SkyBlock
  x: -1.2039818857064322
  y: 64.0
  z: 48.57253327624162
  yaw: -51.41503
  pitch: 17.706793
logoutlocation:
  world: FFA
  x: 13.0
  y: 11.0
  z: -149.0
  yaw: 132.01825
  pitch: 22.11888
