lastlocation:
  world: LionHUB
  x: 943.0195191088159
  y: 38.0
  z: -414.25812266697704
  yaw: -20.71549
  pitch: 20.201874
lastAccountName: pantayolo1
timestamps:
  login: 1516468622095
  lastteleport: 1515611096737
  logout: 1516468624505
ipAddress: 109.242.102.141
money: '500.0'
logoutlocation:
  world: LionHUB
  x: 943.0195191088159
  y: 38.0
  z: -414.25812266697704
  yaw: 0.27172992
  pitch: -4.033375
