lastlocation:
  world: LionHUB
  x: 746.4592455243042
  y: 10.0
  z: 3608.7898504515924
  yaw: -0.10546875
  pitch: -4.859901
lastAccountName: MonsterBigNosser
timestamps:
  login: 1520021663833
  logout: 1520021719774
ipAddress: 2.104.92.81
logoutlocation:
  world: LionHUB
  x: 745.5022939794304
  y: 5.5
  z: 3568.4396721457647
  yaw: 93.94686
  pitch: 3.3921564
