socialspy: false
lastAccountName: YaBoiMega
timestamps:
  login: 1502555409683
  logout: 1502555452348
ipAddress: 79.210.164.84
logoutlocation:
  world: LionHUB
  x: 93.23235661685902
  y: 47.0
  z: -50.34941076690425
  yaw: -358.7414
  pitch: -0.44943228
