lastlocation:
  world: LionHUB
  x: 763.6999999880791
  y: 5.0
  z: 3656.536292299617
  yaw: -43.663494
  pitch: 36.553757
lastAccountName: Dragenzkboy
timestamps:
  login: 1520133782630
  lastteleport: 1520133862592
  logout: 1520133905178
ipAddress: 45.254.246.254
money: '0.0'
logoutlocation:
  world: MainLobby
  x: 22.495673886020604
  y: 59.015555072702206
  z: -26.583711807319922
  yaw: -267.37097
  pitch: 32.48192
