lastlocation:
  world: lobby_practice
  x: 2.381705858688587
  y: 67.0
  z: -475.3168596360994
  yaw: -343.40027
  pitch: 8.40012
lastAccountName: pejako
timestamps:
  login: 1513464964646
  lastteleport: 1513464984898
  logout: 1513466564793
ipAddress: 95.102.232.244
money: '0.0'
logoutlocation:
  world: MainLobby
  x: 1.1561608293331078
  y: 60.0
  z: -0.3745184225623869
  yaw: -89.0
  pitch: 2.0
