lastAccountName: 7PlatinumGaming
timestamps:
  login: 1503636611852
  logout: 1503636733315
ipAddress: 104.249.226.207
socialspy: false
logoutlocation:
  world: LionHUB
  x: 91.26264076771709
  y: 47.0
  z: -60.349217699455316
  yaw: 95.63989
  pitch: 21.688974
