lastlocation:
  world: Factions
  x: 122.5
  y: 70.0
  z: -311.5
  yaw: -179.1267
  pitch: 0.7005392
lastAccountName: PartyIsHell123
timestamps:
  login: 1513601904792
  lastteleport: 1513601964696
  logout: 1513602029347
ipAddress: 197.0.174.92
money: '0.0'
logoutlocation:
  world: Factions
  x: 1399.6002285339741
  y: 33.0
  z: 136.30788275140284
  yaw: 306.57593
  pitch: 38.09998
