timestamps:
  lastteleport: 1499693104776
  login: 1499693090200
  logout: 1499693103024
lastlocation:
  world: LionHUB
  x: 93.5
  y: 45.0
  z: -62.5
  yaw: -26.283674
  pitch: -11.482857
socialspy: false
lastAccountName: SentinelHD
ipAddress: 36.74.246.41
logoutlocation:
  world: LionHUB
  x: 93.5
  y: 45.0
  z: -62.5
  yaw: -359.88382
  pitch: -20.032845
