lastAccountName: xDwarn
timestamps:
  login: 1504360306004
  lastteleport: 1504358952668
  logout: 1504360258043
ipAddress: 88.232.225.128
socialspy: false
lastlocation:
  world: LionHUB
  x: 93.51999108110613
  y: 45.0
  z: -62.30000001192093
  yaw: 7.586787
  pitch: 11.312165
logoutlocation:
  world: LionHUB
  x: 93.51999108110613
  y: 45.0
  z: -62.30000001192093
  yaw: -1.2632126
  pitch: 11.762165
