lastlocation:
  world: TheZone85
  x: -0.5
  y: 57.0
  z: -17.5
  yaw: 1.2500001
  pitch: 0.5
socialspy: false
lastAccountName: dreagonskyy
timestamps:
  login: 1507569088543
  lastteleport: 1507569121964
  logout: 1507569219118
ipAddress: 46.83.248.27
logoutlocation:
  world: Sg
  x: -100.2800304344629
  y: 5.0
  z: 49.326245861469076
  yaw: -4.833252
  pitch: 21.065723
