lastlocation:
  world: LionHUB
  x: 942.0
  y: 38.0
  z: -415.0
  yaw: 0.0
  pitch: 0.0
lastAccountName: erikbacsi
timestamps:
  login: 1513456602671
  logout: 1513456653632
ipAddress: 85.238.87.3
logoutlocation:
  world: LionHUB
  x: 937.9836979216016
  y: 37.0
  z: -420.668156619984
  yaw: 13.08078
  pitch: 9.559084
