timestamps:
  lastteleport: 1498069761257
  login: 1498069756203
  logout: 1498069759653
lastlocation:
  world: LionHUB
  x: 30.5
  y: 67.0
  z: 15.5
  yaw: 90.11987
  pitch: -0.34908158
lastAccountName: Mazaarrrss
ipAddress: 178.152.83.17
socialspy: false
logoutlocation:
  world: LionHUB
  x: 30.5
  y: 67.0
  z: 15.5
  yaw: 90.11987
  pitch: -0.34908158
