lastlocation:
  world: LionHUB
  x: 994.7237612854325
  y: 38.7531999805212
  z: -416.5513969558618
  yaw: 224.22157
  pitch: 2.2182379
lastAccountName: sasaku
timestamps:
  login: 1510456502814
  lastteleport: 1510456524751
  logout: 1510456530779
ipAddress: 24.71.164.211
logoutlocation:
  world: Sg
  x: -96.7412246569741
  y: 5.0
  z: 50.81611255603421
  yaw: -32.783833
  pitch: 0.99407685
