lastAccountName: IWinGG
socialspy: false
timestamps:
  login: 1503246886486
  logout: 1503246940212
ipAddress: 197.52.126.105
logoutlocation:
  world: LionHUB
  x: 93.51394170035928
  y: 46.0
  z: -57.18889837496762
  yaw: -1.1113342
  pitch: 9.238937
