lastlocation:
  world: LionHUB
  x: 942.5
  y: 38.0
  z: -414.5
  yaw: 0.0
  pitch: 0.0
lastAccountName: apexhackers
timestamps:
  login: 1508532077610
  logout: 1508532094185
ipAddress: 66.225.251.96
logoutlocation:
  world: LionHUB
  x: 942.5
  y: 38.0
  z: -414.5
  yaw: -1.3571378
  pitch: 2.0357068
