timestamps:
  lastteleport: 1499901632460
  login: 1499901629595
  logout: 1499901630608
lastlocation:
  world: LionHUB
  x: 93.35
  y: 45.0
  z: -62.35
  yaw: -359.88382
  pitch: -20.032845
socialspy: false
lastAccountName: YeETyQEVlJO6XPzj
ipAddress: 31.208.84.231
logoutlocation:
  world: LionHUB
  x: 93.5
  y: 45.0
  z: -62.5
  yaw: -359.88382
  pitch: -20.032845
