lastAccountName: VapeCheats
timestamps:
  login: 1503992376143
  lastteleport: 1503991731467
  logout: 1503992459790
ipAddress: 137.147.157.76
socialspy: false
lastlocation:
  world: ASkyBlock
  x: 193.22982067343594
  y: 118.0
  z: -0.2526746177897223
  yaw: 262.05896
  pitch: 26.861115
logoutlocation:
  world: LionHUB
  x: 100.8023064797744
  y: 3.02581994731352
  z: -328.28810501011463
  yaw: 36.56266
  pitch: 33.804943
money: '1392'
