lastlocation:
  world: parkour
  x: 733.1850193269993
  y: 14.695045915869684
  z: 1008.3412098301369
  yaw: -1.0995641
  pitch: 21.316689
lastAccountName: tomsLt0
timestamps:
  login: 1511447213345
  lastteleport: 1511447314038
  logout: 1511447652438
ipAddress: 78.63.230.144
logoutlocation:
  world: parkour
  x: 733.3609268601593
  y: 28.0
  z: 1005.2863634353822
  yaw: 227.78156
  pitch: 34.75802
