lastlocation:
  world: LionHUB
  x: 942.9847941585354
  y: 38.0
  z: -414.80756805231493
  yaw: -359.53693
  pitch: 4.701889
lastAccountName: iiFaith
timestamps:
  login: 1511250799380
  logout: 1511250920067
ipAddress: 41.238.80.241
logoutlocation:
  world: LionHUB
  x: 943.0195191088159
  y: 38.0
  z: -414.25812266697704
  yaw: 4.4414153
  pitch: -1.7315855
