timestamps:
  lastteleport: 1499901676334
  login: 1499901675113
lastlocation:
  world: LionHUB
  x: 49.23790120048649
  y: 4.0
  z: -91.5082848756997
  yaw: 92.28638
  pitch: 74.49833
lastAccountName: S1X8ngQr_a1BO50j
ipAddress: 94.177.216.236
socialspy: false
logoutlocation:
  world: LionHUB
  x: 49.23790120048649
  y: 4.0
  z: -91.5082848756997
  yaw: 92.28638
  pitch: 74.49833
