timestamps:
  lastteleport: 1499479108253
  login: 1499479103653
  logout: 1499479107350
lastlocation:
  world: LionHUB
  x: 94.50266645037877
  y: 45.5
  z: -63.912520909957465
  yaw: -334.9705
  pitch: 13.020557
socialspy: false
lastAccountName: Epllx
ipAddress: 99.64.80.198
logoutlocation:
  world: LionHUB
  x: 94.5
  y: 45.0
  z: -63.5
  yaw: -179.4159
  pitch: 90.0
