lastlocation:
  world: LionHUB
  x: 943.1494599689017
  y: 11.0
  z: -415.09212959365215
  yaw: 270.5584
  pitch: -6.2996936
lastAccountName: fulllpvpmega
timestamps:
  login: 1506978913098
  logout: 1506978916827
ipAddress: 181.208.67.34
socialspy: false
logoutlocation:
  world: LionHUB
  x: 943.0644037800563
  y: 38.0
  z: -414.69615849648756
  yaw: 358.24664
  pitch: 1.7075297
