timestamps:
  lastteleport: 1497873649157
  login: 1497873571035
  logout: 1497873646755
lastlocation:
  world: MainLobby
  x: 26.46714370203705
  y: 57.0
  z: 16.159118962831386
  yaw: -252.58087
  pitch: 22.854315
lastAccountName: ItsMeganHere
ipAddress: 115.66.22.203
socialspy: false
logoutlocation:
  world: LionHUB
  x: 30.5
  y: 67.0
  z: 15.5
  yaw: 90.11987
  pitch: -0.34908158
