timestamps:
  lastteleport: 1500145221655
  login: 1502201937740
  logout: 1502201973650
lastlocation:
  world: LionHUB
  x: 93.50071913678039
  y: 45.0
  z: -62.49999231954837
  yaw: -92.54062
  pitch: 9.350261
socialspy: false
lastAccountName: EGEPOWER
ipAddress: 212.252.81.135
logoutlocation:
  world: LionHUB
  x: 93.51999108110613
  y: 45.0
  z: -62.30000001192093
  yaw: -1.2632126
  pitch: 11.762165
