timestamps:
  lastteleport: 1499468937402
  login: 1499468907395
  logout: 1499468936151
lastlocation:
  world: LionHUB
  x: 94.09144865173634
  y: 45.0
  z: -63.478832234210515
  yaw: -185.90405
  pitch: 3.10293
socialspy: false
lastAccountName: ExCetrics
ipAddress: 98.167.53.220
logoutlocation:
  world: LionHUB
  x: 94.5
  y: 45.0
  z: -63.5
  yaw: -179.4159
  pitch: 90.0
