lastlocation:
  world: LionHUB
  x: 746.4592455243042
  y: 10.0
  z: 3608.7898504515924
  yaw: -0.10546875
  pitch: -4.859901
lastAccountName: Cjkinyon
timestamps:
  login: 1518584301982
  logout: 1518584433119
  lastteleport: 1518583777147
ipAddress: 115.164.92.85
logoutlocation:
  world: LionHUB
  x: 743.19140738146
  y: 9.5
  z: 3598.4298747559515
  yaw: -117.25557
  pitch: 18.390137
money: '500.0'
