timestamps:
  lastteleport: 1501029233380
  login: 1501027998588
  logout: 1501029233371
lastlocation:
  world: LionHUB
  x: 97.75844768427397
  y: 46.0
  z: -59.19379954433345
  yaw: 215.21602
  pitch: 23.699966
lastAccountName: Cool3465
ipAddress: 24.50.79.238
socialspy: false
logoutlocation:
  world: LionHUB
  x: 93.5
  y: 45.0
  z: -62.5
  yaw: -359.88382
  pitch: -20.032845
