lastlocation:
  world: Sg
  x: -105.49897779597676
  y: 4.0
  z: 61.93969870052892
  yaw: 93.266785
  pitch: 15.90004
lastAccountName: DaddyDarrel
timestamps:
  login: 1521367633654
  lastteleport: 1521367649094
  logout: 1521367972046
ipAddress: 184.103.111.173
money: '500.0'
logoutlocation:
  world: LionHUB
  x: 744.3230071527925
  y: 45.0
  z: 3704.5474896977835
  yaw: -280.75537
  pitch: 90.0
