timestamps:
  lastteleport: 1499901654369
  login: 1499901652787
  logout: 1499901653494
lastlocation:
  world: LionHUB
  x: 93.5
  y: 45.0
  z: -62.5
  yaw: -359.88382
  pitch: -20.032845
lastAccountName: YN1HtMtHBWWqJ0S8
ipAddress: 149.202.38.124
socialspy: false
logoutlocation:
  world: LionHUB
  x: 93.5
  y: 45.0
  z: -62.5
  yaw: -359.88382
  pitch: -20.032845
