lastAccountName: Need4Hax
timestamps:
  login: 1504177969327
  lastteleport: 1504178002363
  logout: 1504178010256
ipAddress: 1.32.29.124
socialspy: false
lastlocation:
  world: LionHUB
  x: 94.03973171072668
  y: 47.0
  z: -47.974652486109804
  yaw: 7.588663
  pitch: -8.161062
logoutlocation:
  world: MainLobby
  x: 15.0788126734156
  y: 57.0
  z: 0.6098227438487811
  yaw: -90.66355
  pitch: 19.926353
