lastlocation:
  world: LionHUB
  x: 739.3674006421993
  y: 10.0
  z: 3608.7734411781435
  yaw: 60.796005
  pitch: -47.011242
lastAccountName: regrepsanayr
timestamps:
  login: 1518319414747
  lastteleport: 1518319526741
  logout: 1518319546263
ipAddress: 174.85.38.217
money: '0.0'
logoutlocation:
  world: MainLobby
  x: 15.397998697365015
  y: 57.0
  z: -16.330069274960394
  yaw: -22.368378
  pitch: -0.8456422
