lastlocation:
  world: skywars
  x: 102.47304148110561
  y: 150.0
  z: -131.00306712163768
  yaw: -2.2522888
  pitch: -12.645975
lastAccountName: dimland7
timestamps:
  login: 1516473771314
  lastteleport: 1514571588618
  logout: 1516476614752
ipAddress: 2.85.68.128
money: '500.0'
logoutlocation:
  world: LionHUB
  x: 907.3837141600698
  y: 38.0
  z: -451.5830652446626
  yaw: -7.7240424
  pitch: 39.111725
