lastlocation:
  world: LionHUB
  x: 943.0195191088159
  y: 38.0
  z: -414.25812266697704
  yaw: -0.47781372
  pitch: -3.5336792
lastAccountName: JablkoYT
timestamps:
  login: 1512302097403
  lastteleport: 1512301863431
  logout: 1512302131618
ipAddress: 77.237.138.19
money: '500.0'
logoutlocation:
  world: LionHUB
  x: 938.5655781817301
  y: 37.0
  z: -423.9063553774225
  yaw: -112.74151
  pitch: 4.9460974
