lastAccountName: XxthijsPvP_zzxX
timestamps:
  login: 1506107847699
  logout: 1506108383964
ipAddress: 77.173.82.76
socialspy: false
logoutlocation:
  world: FFA
  x: 13.0
  y: 11.0
  z: -149.0
  yaw: 154.28058
  pitch: -0.3632329
