lastlocation:
  world: LionHUB
  x: 948.9946521164502
  y: 37.0
  z: -409.2975104469117
  yaw: 348.53577
  pitch: 2.765485
lastAccountName: swaggebagelcaleb
timestamps:
  login: 1507348808262
  lastteleport: 1507348849224
  logout: 1507348857440
ipAddress: 45.46.229.203
socialspy: false
logoutlocation:
  world: Sg
  x: -98.19774224064076
  y: 5.0
  z: 46.64204741950318
  yaw: 268.0994
  pitch: 4.288692
