lastlocation:
  world: LionHUB
  x: 947.1859096112072
  y: 37.0
  z: -420.3924242939987
  yaw: 17.911041
  pitch: 26.896008
lastAccountName: lokasion
timestamps:
  login: 1511656407738
  lastteleport: 1511656896365
  logout: 1511656928363
ipAddress: 2.9.197.244
money: '0.0'
logoutlocation:
  world: MainLobby
  x: 35.28121904273221
  y: 57.0
  z: -7.013629862832363
  yaw: -5.7115107
  pitch: 2.5347905
