lastAccountName: Kephronn
timestamps:
  login: 1503881798871
  lastteleport: 1503881849429
  logout: 1503881906079
  mute: 0
ipAddress: 72.238.222.142
socialspy: false
lastlocation:
  world: LionHUB
  x: 93.42964102202676
  y: 47.0
  z: -48.134892966795626
  yaw: -0.9632175
  pitch: -12.3878355
logoutlocation:
  world: LionHUB
  x: 93.33265185874846
  y: 46.0
  z: -55.14901401650722
  yaw: -176.76312
  pitch: 7.86217
nickname: §5Keph§3ronn
muted: false
