lastlocation:
  world: FFA
  x: 0.7760625460802767
  y: 13.0
  z: 0.45584919423136366
  yaw: -84.31498
  pitch: 10.009905
lastAccountName: GoldenRageYT
timestamps:
  login: 1511985592669
  logout: 1511986302574
ipAddress: 2.247.247.142
money: '0.0'
logoutlocation:
  world: FFA
  x: -6.100963480915632
  y: 14.0
  z: -17.58227644969547
  yaw: 182.27708
  pitch: 1.5789362
