lastlocation:
  world: LionHUB
  x: 942.5437740330144
  y: 39.17675927506424
  z: -466.8762926011642
  yaw: -174.9278
  pitch: 15.000002
lastAccountName: HeySoulSister
timestamps:
  login: 1516444717066
  lastteleport: 1516444825268
  logout: 1516444848125
ipAddress: 119.94.73.1
money: '0.0'
logoutlocation:
  world: Factions
  x: 110.63349268629216
  y: 68.0
  z: -313.69999998807907
  yaw: -92.42673
  pitch: -1.9995217
