lastlocation:
  world: SkyBlock
  x: 4.663521096055972
  y: 66.0
  z: 21.405003722952944
  yaw: -81.2931
  pitch: 40.385395
lastAccountName: Refusezz
timestamps:
  login: 1514043030267
  lastteleport: 1514044365976
  kits:
    starter: 1514043079971
  logout: 1514044380481
ipAddress: 80.171.246.212
money: '180000.0'
logoutlocation:
  world: SkyBlock
  x: 144.3261191821828
  y: 67.0
  z: 17.770956939787165
  yaw: -37.18141
  pitch: 9.208124
