lastAccountName: Zevqz
timestamps:
  login: 1505977128862
  logout: 1505977130590
ipAddress: 86.89.7.150
socialspy: false
logoutlocation:
  world: LionHUB
  x: 93.54483820697351
  y: 46.0
  z: -59.848709084488604
  yaw: 29.37207
  pitch: 8.423174
