lastlocation:
  world: LionHUB
  x: 942.9395244330399
  y: 38.0
  z: -414.9798036988763
  yaw: -4.153345
  pitch: 2.907533
lastAccountName: KryptialGaming
timestamps:
  login: 1507757811356
  logout: 1507675270834
ipAddress: 71.10.71.74
socialspy: false
logoutlocation:
  world: uhchub
  x: 0.7981767693517965
  y: 38.0
  z: 0.32500274319876843
  yaw: -106.45386
  pitch: 40.458626
