lastlocation:
  world: parkour
  x: 1000.47691440778
  y: 29.31700896645243
  z: 1042.6942832778172
  yaw: -0.13794146
  pitch: 57.231274
lastAccountName: VinsterplaysYT
timestamps:
  login: 1514422394894
  lastteleport: 1514422472801
  logout: 1514422738096
ipAddress: 68.111.14.39
money: '0.0'
logoutlocation:
  world: parkour
  x: 19.869515832526115
  y: 50.58381258668894
  z: 34.455875072171764
  yaw: -329.43066
  pitch: -49.473553
