lastAccountName: Trisel
timestamps:
  login: 1506208072204
  logout: 1506208300489
ipAddress: 92.72.216.80
socialspy: false
logoutlocation:
  world: LionHUB
  x: 93.0
  y: 45.0
  z: -63.0
  yaw: 177.11362
  pitch: 50.52195
