lastlocation:
  world: parkour
  x: 736.3232868915912
  y: 4.165852270578357
  z: 1000.8650462783244
  yaw: -8.996491
  pitch: 14.936391
lastAccountName: Sebastianator7
timestamps:
  login: 1513039751176
  lastteleport: 1513039809486
  logout: 1513039853151
ipAddress: 71.201.225.213
money: '0.0'
logoutlocation:
  world: parkour
  x: 733.5
  y: 28.0
  z: 1000.5
  yaw: 0.34994507
  pitch: 1.5500064
