timestamps:
  lastteleport: 1497981232150
  login: 1503566885289
  logout: 1503566962909
lastlocation:
  world: LionHUB
  x: 30.5
  y: 67.0
  z: 15.5
  yaw: 90.11987
  pitch: -0.34908158
lastAccountName: trotlpomeranc
ipAddress: 62.24.70.129
socialspy: false
logoutlocation:
  world: LionHUB
  x: 93.27611594442435
  y: 47.0
  z: -100.66501337705613
  yaw: 177.83682
  pitch: 16.112154
