lastAccountName: Galactic_PVP_YT
timestamps:
  login: 1501612207422
  lastteleport: 1501612298844
  logout: 1501612502222
ipAddress: 107.193.72.184
socialspy: false
lastlocation:
  world: LionHUB
  x: 93.15833477694684
  y: 47.0
  z: -47.63459351801607
  yaw: 353.02893
  pitch: -1.8539762
logoutlocation:
  world: MainLobby
  x: 0.738651801316609
  y: 60.0
  z: 0.4765052992511828
  yaw: 272.28183
  pitch: -0.040263604
