lastAccountName: MrSuga
timestamps:
  login: 1503763083960
  lastteleport: 1503764155683
  logout: 1503764258807
ipAddress: 186.15.79.69
socialspy: false
lastlocation:
  world: LionHUB
  x: 91.70625031648626
  y: 46.0
  z: -58.632889852526226
  yaw: 201.32993
  pitch: 21.695652
logoutlocation:
  world: MainLobby
  x: -1.0
  y: 60.0
  z: 0.0
  yaw: -192.00337
  pitch: 27.560934
