lastlocation:
  world: LionHUB
  x: 942.0
  y: 38.0
  z: -415.0
  yaw: -80.81899
  pitch: 1.5416942
lastAccountName: dtompkins22
timestamps:
  login: 1517251824362
  lastteleport: 1517251845397
  kits:
    starter: 1517251880346
  logout: 1517252057079
ipAddress: 94.234.51.64
money: '0.0'
logoutlocation:
  world: Factions
  x: 131.64822335204346
  y: 64.0
  z: -324.9994193825138
  yaw: 3.708435
  pitch: 19.783342
