timestamps:
  lastteleport: 1499901700750
  login: 1499901672687
  logout: 1499901698797
lastlocation:
  world: LionHUB
  x: 49.23790120048649
  y: 4.0
  z: -91.5082848756997
  yaw: 92.28638
  pitch: 74.49833
socialspy: false
lastAccountName: eJbbCSwEraXDJkc_
ipAddress: 216.167.191.93
logoutlocation:
  world: LionHUB
  x: 93.5
  y: 45.0
  z: -62.5
  yaw: -359.88382
  pitch: -20.032845
