timestamps:
  lastteleport: 1499901705579
  login: 1499901698317
  logout: 1499901703862
lastlocation:
  world: LionHUB
  x: 93.35
  y: 45.0
  z: -62.35
  yaw: -359.88382
  pitch: -20.032845
lastAccountName: ot8vW14H6dhqK0su
ipAddress: 149.202.38.124
socialspy: false
logoutlocation:
  world: LionHUB
  x: 93.5
  y: 45.0
  z: -62.5
  yaw: -359.88382
  pitch: -20.032845
