timestamps:
  lastteleport: 1499901640081
  login: 1499901636784
lastlocation:
  world: LionHUB
  x: 93.5
  y: 45.0
  z: -62.5
  yaw: -359.88382
  pitch: -20.032845
lastAccountName: vZ7eLdOCEz3VLwMk
ipAddress: 174.143.147.168
socialspy: false
logoutlocation:
  world: LionHUB
  x: 93.5
  y: 45.0
  z: -62.5
  yaw: -359.88382
  pitch: -20.032845
