lastlocation:
  world: LionHUB
  x: 943.7324938814465
  y: 38.0
  z: -414.9748088489838
  yaw: -87.62709
  pitch: -2.9341736
lastAccountName: AbodeDaPVPpro
timestamps:
  login: 1516286821668
  lastteleport: 1509042175240
  logout: 1516286848056
ipAddress: 185.220.112.46
logoutlocation:
  world: LionHUB
  x: 943.0204887270401
  y: 38.0
  z: -414.08702063325654
  yaw: -2.5292892
  pitch: -3.7430136
