timestamps:
  lastteleport: 1499901720360
  login: 1499901707630
  logout: 1499901719195
lastlocation:
  world: LionHUB
  x: 93.5
  y: 45.0
  z: -62.5
  yaw: -359.88382
  pitch: -20.032845
socialspy: false
lastAccountName: LoavLOm7chN9d55j
ipAddress: 108.61.4.67
logoutlocation:
  world: LionHUB
  x: 93.5
  y: 45.0
  z: -62.5
  yaw: -359.88382
  pitch: -20.032845
