lastAccountName: myviper
timestamps:
  login: 1501868159910
  logout: 1501868189661
ipAddress: 197.0.90.104
socialspy: false
logoutlocation:
  world: LionHUB
  x: 93.71626460794968
  y: 47.0
  z: -51.6757213044448
  yaw: 203.18872
  pitch: 1.1389145
