timestamps:
  lastteleport: 1499901634657
  login: 1499901631161
lastlocation:
  world: LionHUB
  x: 93.35
  y: 45.0
  z: -62.35
  yaw: -359.88382
  pitch: -20.032845
lastAccountName: wS5XT5vKaNpXtdU_
ipAddress: 183.89.148.200
socialspy: false
logoutlocation:
  world: LionHUB
  x: 93.5
  y: 45.0
  z: -62.5
  yaw: -359.88382
  pitch: -20.032845
