lastlocation:
  world: LionHUB
  x: 942.0308046902783
  y: 37.5
  z: -365.80000001192093
  yaw: -1.8479749
  pitch: 2.5114408
lastAccountName: Euhh
timestamps:
  login: 1512303672890
  lastteleport: 1512303740604
  logout: 1512303792081
ipAddress: 86.168.49.73
money: '0.0'
logoutlocation:
  world: MainLobby
  x: 16.45664984055652
  y: 57.0
  z: 6.112899752246553
  yaw: 112.30246
  pitch: 8.693496
