lastAccountName: Hacking4ALL
timestamps:
  login: 1502942312837
  logout: 1502942324238
ipAddress: 180.248.96.110
socialspy: false
logoutlocation:
  world: LionHUB
  x: 93.50848809898889
  y: 45.0
  z: -62.54658081977909
  yaw: 180.68869
  pitch: 27.08894
