lastlocation:
  world: MainLobby
  x: 0.8474789477762288
  y: 60.0
  z: 0.7974838385518108
  yaw: -111.470184
  pitch: 25.918636
lastAccountName: hoek076
timestamps:
  login: 1513699205285
  lastteleport: 1513699316092
  logout: 1513699385744
ipAddress: 86.87.54.177
money: '0.0'
logoutlocation:
  world: MainLobby
  x: -0.5335005639400162
  y: 60.0
  z: 0.46918172662426155
  yaw: -89.0
  pitch: 2.0
