lastlocation:
  world: LionHUB
  x: 942.0
  y: 38.0
  z: -415.0
  yaw: 0.0
  pitch: 0.0
lastAccountName: TopexHraje
timestamps:
  login: 1514291226856
  logout: 1514291238339
ipAddress: 213.235.140.11
logoutlocation:
  world: LionHUB
  x: 943.1439935893616
  y: 38.0
  z: -414.13568407510263
  yaw: -0.47781372
  pitch: -3.5336792
