lastAccountName: ANES_GAMING
timestamps:
  login: 1502194602138
  logout: 1502194621842
ipAddress: 125.162.240.17
socialspy: false
logoutlocation:
  world: LionHUB
  x: 93.50500072822615
  y: 45.7531999805212
  z: -62.26583907897844
  yaw: 1.2886657
  pitch: -1.4110628
