lastAccountName: KuRaPiE55
timestamps:
  login: 1502435049412
  logout: 1502435051311
ipAddress: 95.65.135.25
socialspy: false
logoutlocation:
  world: LionHUB
  x: 93.50848809898889
  y: 45.0
  z: -62.54658081977909
  yaw: 1.2886657
  pitch: -1.4110628
