lastlocation:
  world: MainLobby
  x: 17.8308752116516
  y: 57.0
  z: 7.736107606007756
  yaw: 125.19612
  pitch: 15.189002
lastAccountName: 54B_
timestamps:
  login: 1512252768413
  lastteleport: 1512252811394
  logout: 1512252957319
ipAddress: 80.220.193.237
money: '0.0'
logoutlocation:
  world: UhcMeetup
  x: 163.02822691412302
  y: 68.0
  z: 96.8749833215245
  yaw: 72.0
  pitch: 18.0
