lastAccountName: zOxyCotton
timestamps:
  login: 1503990075511
  logout: 1503990105424
ipAddress: 50.69.226.133
socialspy: false
logoutlocation:
  world: LionHUB
  x: 93.28610238389994
  y: 46.0
  z: -59.83684020790617
  yaw: 181.40567
  pitch: 10.504865
