lastlocation:
  world: LionHUB
  x: 746.6594778961004
  y: 10.0
  z: 3615.551109082059
  yaw: -12.960592
  pitch: 12.0854645
lastAccountName: XsazorID
timestamps:
  login: 1521447083055
  lastteleport: 1521447128739
  logout: 1521447180662
ipAddress: 103.213.129.234
money: '0.0'
logoutlocation:
  world: MainLobby
  x: 8.879904744934054
  y: 60.0
  z: 0.5962145034336028
  yaw: -94.504585
  pitch: 19.923014
