lastlocation:
  world: LionHUB
  x: 942.0
  y: 38.0
  z: -415.0
  yaw: 0.0
  pitch: 0.0
lastAccountName: Taimoor
timestamps:
  login: 1515264387915
  logout: 1515264404782
ipAddress: 81.159.140.185
logoutlocation:
  world: LionHUB
  x: 943.7958397521903
  y: 37.5
  z: -422.30453443615784
  yaw: -6.449954
  pitch: 1.0499903
