lastlocation:
  world: LionHUB
  x: 904.4454259967712
  y: 39.170787077218804
  z: -378.22070117242134
  yaw: 72.99383
  pitch: 30.08643
lastAccountName: InHabits
timestamps:
  login: 1516348603950
  lastteleport: 1516348644871
  logout: 1516348653104
ipAddress: 94.192.60.203
money: '0.0'
logoutlocation:
  world: MainLobby
  x: 27.63333188986204
  y: 79.0
  z: 497.69999998807907
  yaw: 134.60312
  pitch: 31.672306
