timestamps:
  lastteleport: 1499901680964
  login: 1499901668085
  logout: 1499901680566
lastlocation:
  world: LionHUB
  x: 93.35
  y: 45.0
  z: -62.35
  yaw: -359.88382
  pitch: -20.032845
lastAccountName: qISmt57CQ98j2kiR
ipAddress: 178.62.171.190
socialspy: false
logoutlocation:
  world: LionHUB
  x: 93.5
  y: 45.0
  z: -62.5
  yaw: -359.88382
  pitch: -20.032845
