lastlocation:
  world: map
  x: -990.5
  y: 87.0
  z: 275.5
  yaw: 0.0
  pitch: -1.0
lastAccountName: Aymen_Senji
timestamps:
  login: 1518971848253
  lastteleport: 1518971711178
  logout: 1518971905475
ipAddress: 105.103.30.155
money: '500.0'
logoutlocation:
  world: LionHUB
  x: 746.4592455243042
  y: 10.0
  z: 3608.7898504515924
  yaw: -0.10546875
  pitch: -4.859901
