timestamps:
  lastteleport: 1499901717748
  login: 1499901708580
  logout: 1499901716696
lastlocation:
  world: LionHUB
  x: 93.5
  y: 45.0
  z: -62.5
  yaw: -359.88382
  pitch: -20.032845
lastAccountName: yM4vC8aqHX36tKyj
ipAddress: 91.98.143.85
socialspy: false
logoutlocation:
  world: LionHUB
  x: 93.5
  y: 45.0
  z: -62.5
  yaw: -359.88382
  pitch: -20.032845
