lastlocation:
  world: Factions
  x: 124.67302519610232
  y: 70.0625
  z: -315.4726332131867
  yaw: -25.706024
  pitch: -0.34913114
lastAccountName: Levitatez
timestamps:
  login: 1517608705470
  lastteleport: 1517608827640
  logout: 1517609238090
ipAddress: 88.145.51.113
money: '500.0'
logoutlocation:
  world: LionHUB
  x: 736.992136511196
  y: 5.0
  z: 3574.7393305594683
  yaw: -198.22675
  pitch: 10.583745
