lastlocation:
  world: skywars
  x: 105.30000001192093
  y: 150.0
  z: -126.35258770419563
  yaw: 22.22812
  pitch: 16.947453
socialspy: false
lastAccountName: RobotFB
timestamps:
  login: 1506831143893
  lastteleport: 1506830602551
  logout: 1506832510621
ipAddress: 76.172.107.195
logoutlocation:
  world: LionHUB
  x: 945.4222466997156
  y: 37.5
  z: -412.787812308191
  yaw: -58.04386
  pitch: 8.9627495
