lastlocation:
  world: MainLobby
  x: 6.300000011920939
  y: 59.0
  z: -2.5670814329098652
  yaw: -343.6738
  pitch: 11.6392765
lastAccountName: Beasty_YT
timestamps:
  login: 1518311746664
  lastteleport: 1518311786394
  logout: 1518312126235
ipAddress: 24.23.85.236
money: '500.0'
logoutlocation:
  world: LionHUB
  x: 705.6885124140899
  y: 12.088631090809372
  z: 3582.76661628954
  yaw: -259.8943
  pitch: -20.22002
