timestamps:
  lastteleport: 1499570506781
  login: 1499570473419
  logout: 1499570505278
lastlocation:
  world: LionHUB
  x: 93.35869143124336
  y: 44.0
  z: -62.69999998807907
  yaw: -178.36931
  pitch: 24.980793
socialspy: false
lastAccountName: Cimarron21
ipAddress: 42.61.224.204
logoutlocation:
  world: LionHUB
  x: 93.5
  y: 44.0
  z: -62.5
  yaw: -179.4159
  pitch: 90.0
