socialspy: false
lastAccountName: meevvv
timestamps:
  login: 1502911537622
  logout: 1502911540321
ipAddress: 79.178.150.46
logoutlocation:
  world: LionHUB
  x: 93.50848809898889
  y: 45.0
  z: -62.54658081977909
  yaw: 18.481775
  pitch: 30.135921
