lastlocation:
  world: LionHUB
  x: 942.0145979035573
  y: 39.015555072702206
  z: -466.34947003546984
  yaw: -98.809906
  pitch: 6.5967517
lastAccountName: FancyIsMyDady
timestamps:
  login: 1513175405373
  lastteleport: 1513175437885
  logout: 1513175454171
ipAddress: 94.214.119.95
money: '0.0'
logoutlocation:
  world: Factions
  x: 121.71104175874143
  y: 70.0625
  z: -314.83779886655714
  yaw: 129.9422
  pitch: 8.925022
