lastAccountName: xTonyFTW
timestamps:
  login: 1503715503183
  lastteleport: 1503715617362
ipAddress: 2.64.34.242
socialspy: false
lastlocation:
  world: LionHUB
  x: 93.37907058360456
  y: 42.5
  z: -128.55105954684893
  yaw: 180.96832
  pitch: 16.57795
