lastAccountName: yoyobro64
timestamps:
  login: 1510905965937
  lastteleport: 1510905855806
  logout: 1510906621158
ipAddress: 124.186.85.250
socialspy: false
lastlocation:
  world: FFAnormal
  x: 5.299343405934684
  y: 16.0
  z: 4.813961781844209
  yaw: 50.185394
  pitch: 12.46378
logoutlocation:
  world: FFAnormal
  x: 2.0
  y: 14.0
  z: 5.0
  yaw: 50.185394
  pitch: 12.46378
