lastAccountName: isaactronic1
socialspy: false
timestamps:
  login: 1506203825208
  lastteleport: 1506179200722
  logout: 1506203854437
ipAddress: 200.44.209.9
lastlocation:
  world: LionHUB
  x: 92.7228360293919
  y: 47.0
  z: -49.007192508923396
  yaw: 2.0578423
  pitch: 15.664623
logoutlocation:
  world: LionHUB
  x: 97.50663234896622
  y: 46.0
  z: -57.6150719608096
  yaw: 215.79808
  pitch: 16.684893
