lastAccountName: RaspyShows
timestamps:
  login: 1504052179547
  logout: 1504052191936
ipAddress: 109.78.71.135
socialspy: false
logoutlocation:
  world: LionHUB
  x: 93.44429501089326
  y: 46.0
  z: -57.10521515423987
  yaw: 0.23866569
  pitch: 3.088937
