lastlocation:
  world: LionHUB
  x: 942.0
  y: 38.0
  z: -415.0
  yaw: 0.0
  pitch: 0.0
lastAccountName: zofiaXd
timestamps:
  login: 1514601601829
  logout: 1514601609738
ipAddress: 189.47.1.8
logoutlocation:
  world: LionHUB
  x: 943.0481375956873
  y: 38.0
  z: -414.0102641322188
  yaw: -7.2828517
  pitch: 0.7715488
