lastlocation:
  world: LionHUB
  x: 943.0195191088159
  y: 38.0
  z: -414.25812266697704
  yaw: 16.363073
  pitch: 13.551887
lastAccountName: Stiklins32
timestamps:
  login: 1510168044714
  lastteleport: 1510168091022
  logout: 1510168103832
ipAddress: 78.84.221.57
logoutlocation:
  world: Sg
  x: -98.8577733202241
  y: 5.0
  z: 46.23170021228785
  yaw: -183.18314
  pitch: -14.784271
