lastlocation:
  world: FFA
  x: 25.375214743532016
  y: 28.0
  z: -705.9858967360284
  yaw: -179.70305
  pitch: -4.0997157
lastAccountName: ScabiesBaby
timestamps:
  login: 1512944693605
  lastteleport: 1512944985466
  logout: 1512945184176
ipAddress: 50.80.84.211
money: '500.0'
logoutlocation:
  world: LionHUB
  x: 943.0195191088159
  y: 38.0
  z: -414.25812266697704
  yaw: -0.3278137
  pitch: -1.5836792
