lastlocation:
  world: UhcMeetup
  x: 102.24949113949522
  y: 70.60408037809304
  z: 140.81754377833164
  yaw: 187.81462
  pitch: 48.52525
lastAccountName: RazezBw
timestamps:
  login: 1518207470586
  lastteleport: 1518207487557
  logout: 1518207847110
ipAddress: 80.109.219.219
money: '0.0'
logoutlocation:
  world: UhcMeetup
  x: 102.24949113949522
  y: 70.60408037809304
  z: 140.81754377833164
  yaw: 197.1839
  pitch: 30.661127
