timestamps:
  lastteleport: 1499901656106
  login: 1499901653793
  logout: 1499901655994
lastlocation:
  world: LionHUB
  x: 93.5
  y: 45.0
  z: -62.5
  yaw: -359.88382
  pitch: -20.032845
lastAccountName: hBDrilynAzj1yzWP
ipAddress: 47.90.96.247
socialspy: false
logoutlocation:
  world: LionHUB
  x: 93.5
  y: 45.0
  z: -62.5
  yaw: -359.88382
  pitch: -20.032845
