socialspy: false
lastAccountName: CutePuppy666
timestamps:
  login: 1504413605475
  logout: 1504414275639
ipAddress: 142.162.109.84
lastlocation:
  world: LionHUB
  x: 90.75033193392045
  y: 46.5
  z: -62.767652067942954
  yaw: 302.48877
  pitch: 19.199999
logoutlocation:
  world: MainLobby
  x: 27.358579736977628
  y: 58.0
  z: -0.6020629132815154
  yaw: 88.89998
  pitch: -3.25
