lastAccountName: epiclion50
timestamps:
  login: 1502539515406
  lastteleport: 1501583335207
  logout: 1502539520011
ipAddress: 91.65.19.249
socialspy: false
lastlocation:
  world: MainLobby
  x: 1.5
  y: 60.0
  z: 0.5
  yaw: -88.48081
  pitch: 5.6043463
logoutlocation:
  world: LionHUB
  x: 93.51999108110613
  y: 45.0
  z: -62.30000001192093
  yaw: -44.76322
  pitch: 21.362165
