timestamps:
  lastteleport: 1500919443032
  login: 1500919414837
  logout: 1500919440728
lastlocation:
  world: LionHUB
  x: 93.48245061538182
  y: 46.0
  z: -61.693081611238526
  yaw: -356.88385
  pitch: -18.682856
lastAccountName: Xmiro
ipAddress: 156.204.164.128
socialspy: false
logoutlocation:
  world: LionHUB
  x: 93.5
  y: 45.0
  z: -62.5
  yaw: -359.88382
  pitch: -20.032845
