lastAccountName: zidanej
timestamps:
  login: 1514020318473
  logout: 1514020380558
  lastteleport: 1514020209950
ipAddress: 139.195.59.91
socialspy: false
logoutlocation:
  world: LionHUB
  x: 972.4898856187513
  y: 33.0
  z: -436.2519307809869
  yaw: 73.07984
  pitch: 15.837608
lastlocation:
  world: LionHUB
  x: 943.0195191088159
  y: 38.0
  z: -414.25812266697704
  yaw: -0.47781372
  pitch: -3.5336792
money: '500.0'
