lastAccountName: ballwolfpuppy
timestamps:
  login: 1507340827163
  logout: 1507340864555
  lastteleport: 1501907180223
ipAddress: 183.178.78.42
socialspy: false
logoutlocation:
  world: LionHUB
  x: 943.0644037800563
  y: 38.0
  z: -414.69615849648756
  yaw: 344.57278
  pitch: 14.558893
lastlocation:
  world: LionHUB
  x: 943.0644037800563
  y: 38.0
  z: -414.69615849648756
  yaw: -1.7533569
  pitch: 1.7075297
