lastlocation:
  world: LionHUB
  x: 748.4500465185997
  y: 2.0
  z: 3917.5416290569565
  yaw: -0.4321289
  pitch: -12.90883
