lastlocation:
  world: LionHUB
  x: 746.4592455243042
  y: 10.0
  z: 3608.7898504515924
  yaw: 0.7945312
  pitch: 3.240099
lastAccountName: Ertunox
timestamps:
  login: 1519650408515
  lastteleport: 1519650425358
  logout: 1519650431334
ipAddress: 88.160.195.251
money: '0.0'
logoutlocation:
  world: Sg
  x: -100.82359090678186
  y: 5.0
  z: 47.10358207971146
  yaw: -103.83333
  pitch: 13.26572
