lastlocation:
  world: map
  x: -990.5
  y: 86.5
  z: 275.5
  yaw: -0.09515381
  pitch: 0.10329942
