timestamps:
  lastteleport: 1499901721557
  login: 1499901704667
  logout: 1499901719195
lastlocation:
  world: LionHUB
  x: 93.35
  y: 45.0
  z: -62.35
  yaw: -359.88382
  pitch: -20.032845
lastAccountName: 0VQJQLb9kIDY5dfz
socialspy: false
ipAddress: 36.66.72.140
logoutlocation:
  world: LionHUB
  x: 93.5
  y: 45.0
  z: -62.5
  yaw: -359.88382
  pitch: -20.032845
