timestamps:
  lastteleport: 1499901645904
  login: 1499901642581
lastlocation:
  world: LionHUB
  x: 93.5
  y: 45.0
  z: -62.5
  yaw: -359.88382
  pitch: -20.032845
socialspy: false
lastAccountName: o5JgGGE9mLO9O1sL
ipAddress: 183.89.148.200
logoutlocation:
  world: LionHUB
  x: 93.5
  y: 45.0
  z: -62.5
  yaw: -359.88382
  pitch: -20.032845
