timestamps:
  lastteleport: 1499901715995
  login: 1499901686745
  logout: 1499901714128
lastlocation:
  world: LionHUB
  x: 93.5
  y: 45.0
  z: -62.5
  yaw: -359.88382
  pitch: -20.032845
socialspy: false
lastAccountName: ztVFtoAEjdH7GrEw
ipAddress: 50.63.167.63
logoutlocation:
  world: LionHUB
  x: 93.5
  y: 45.0
  z: -62.5
  yaw: -359.88382
  pitch: -20.032845
