lastAccountName: KhangPika
timestamps:
  login: 1501557792929
  lastteleport: 1501557825594
  logout: 1501557915224
ipAddress: 42.112.230.142
socialspy: false
lastlocation:
  world: LionHUB
  x: 94.03464402406372
  y: 47.0
  z: -50.11959266377601
  yaw: -176.09505
  pitch: 56.019527
logoutlocation:
  world: MainLobby
  x: 18.834535491808037
  y: 57.0
  z: -3.7093791023258547
  yaw: -92.81348
  pitch: 17.955069
