lastlocation:
  world: world
  x: 28.90377367796998
  y: 4.0
  z: 1.6968297880379861
  yaw: 10.1996765
  pitch: 33.599915
lastAccountName: FusionSuP
timestamps:
  login: 1513450726717
  lastteleport: 1513450744681
  logout: 1513451003113
ipAddress: 79.68.57.49
money: '0.0'
logoutlocation:
  world: world
  x: 28.90377367796998
  y: 4.0
  z: 1.6968297880379861
  yaw: 10.1996765
  pitch: 33.599915
