timestamps:
  lastteleport: 1499901679174
  login: 1499901675947
  logout: 1499901678498
lastlocation:
  world: LionHUB
  x: 49.23790120048649
  y: 4.0
  z: -91.5082848756997
  yaw: 92.28638
  pitch: 74.49833
socialspy: false
lastAccountName: kW4YCqoDWXiAHPXT
ipAddress: 90.231.220.221
logoutlocation:
  world: LionHUB
  x: 49.23790120048649
  y: 4.0
  z: -91.5082848756997
  yaw: 92.28638
  pitch: 74.49833
