lastlocation:
  world: LionHUB
  x: 940.5249033877232
  y: 38.78502770378924
  z: -416.1026713031056
  yaw: 86.22227
  pitch: 13.26632
lastAccountName: Lightning225
timestamps:
  login: 1512264029932
  lastteleport: 1508455704044
  logout: 1512264046367
ipAddress: 96.35.178.241
logoutlocation:
  world: LionHUB
  x: 940.5249033877232
  y: 38.78502770378924
  z: -416.1026713031056
  yaw: 86.22227
  pitch: 13.26632
