lastlocation:
  world: LionHUB
  x: 699.0920582371117
  y: 5.144080377198967
  z: 3560.9068585140085
  yaw: -212.6555
  pitch: 11.940104
money: '0.0'
lastAccountName: Tylerdon_
timestamps:
  login: 1517702687335
  lastteleport: 1517702858583
  logout: 1517702873291
ipAddress: 95.90.203.22
logoutlocation:
  world: Sg
  x: -101.07499998807907
  y: 4.0
  z: 78.60394324985997
  yaw: 135.867
  pitch: 10.715702
