lastlocation:
  world: LionHUB
  x: 942.0
  y: 38.0
  z: -415.0
  yaw: 0.0
  pitch: 0.0
lastAccountName: ErockWarrior
timestamps:
  login: 1514448185045
  logout: 1514448225772
ipAddress: 76.190.172.247
logoutlocation:
  world: LionHUB
  x: 947.98042266085
  y: 37.0
  z: -403.73255680794887
  yaw: 156.00003
  pitch: -13.350006
