timestamps:
  lastteleport: 1499901642117
  login: 1499901638353
lastlocation:
  world: LionHUB
  x: 93.35
  y: 45.0
  z: -62.35
  yaw: -359.88382
  pitch: -20.032845
socialspy: false
lastAccountName: zJpO9J7Y_5LBNgVn
ipAddress: 50.63.167.47
logoutlocation:
  world: LionHUB
  x: 93.5
  y: 45.0
  z: -62.5
  yaw: -359.88382
  pitch: -20.032845
