lastlocation:
  world: map
  x: -990.5091660500618
  y: 84.0
  z: 293.43932246566703
  yaw: 0.08983612
  pitch: 0.0
