timestamps:
  lastteleport: 1497873620855
  login: 1497873236920
  logout: 1497873619252
lastlocation:
  world: MainLobby
  x: 28.300000011920922
  y: 58.0
  z: 3.300000011920927
  yaw: 145.06923
  pitch: 25.854336
lastAccountName: Chaosplay123
socialspy: false
ipAddress: 77.190.91.54
logoutlocation:
  world: LionHUB
  x: 30.5
  y: 67.0
  z: 15.5
  yaw: 90.11987
  pitch: -0.34908158
