lastlocation:
  world: map
  x: -1091.8710593657024
  y: 9.251352476891903
  z: 424.3966768877581
  yaw: 92.255905
  pitch: 44.229176
lastAccountName: OkeDen
timestamps:
  login: 1521248624078
  lastteleport: 1521248687540
  logout: 1521248768354
ipAddress: 122.59.55.119
money: '0.0'
logoutlocation:
  world: map
  x: -990.5
  y: 87.0
  z: 275.5
  yaw: 0.0
  pitch: -1.0
