lastAccountName: SayZen_
timestamps:
  login: 1503707550508
  lastteleport: 1502851791621
  logout: 1503707560519
ipAddress: 142.169.230.127
socialspy: false
lastlocation:
  world: LionHUB
  x: 93.47076279520115
  y: 45.0
  z: -61.30000001192093
  yaw: -9.661334
  pitch: 31.588936
logoutlocation:
  world: LionHUB
  x: 93.55754822511517
  y: 46.0
  z: -60.85218247293816
  yaw: 26.636786
  pitch: 18.962162
