timestamps:
  lastteleport: 1499901726416
  login: 1499901699939
  logout: 1499901724405
lastlocation:
  world: LionHUB
  x: 93.5
  y: 45.0
  z: -62.5
  yaw: -359.88382
  pitch: -20.032845
lastAccountName: 2nA2uNdlXpUsk2e5
ipAddress: 201.209.253.69
socialspy: false
logoutlocation:
  world: LionHUB
  x: 93.5
  y: 45.0
  z: -62.5
  yaw: -359.88382
  pitch: -20.032845
