timestamps:
  lastteleport: 1506170253368
  login: 1506170213039
  logout: 1506170314960
lastlocation:
  world: LionHUB
  x: 100.09165951455053
  y: 46.0
  z: -64.38949842100416
  yaw: 105.79697
  pitch: -0.8624587
lastAccountName: snailboblewisrou
ipAddress: 97.85.89.210
socialspy: false
logoutlocation:
  world: MainLobby
  x: -0.5335005639400162
  y: 60.0
  z: 0.4691817266242615
  yaw: -89.0
  pitch: 2.0
