lastlocation:
  world: FFA
  x: 27.372134048603563
  y: 28.0
  z: -716.1761987083961
  yaw: -177.0586
  pitch: 3.2436416
lastAccountName: xxplaygammerxx
timestamps:
  login: 1517500131398
  logout: 1517500336414
ipAddress: 94.219.60.107
logoutlocation:
  world: FFACombo
  x: 2.1467946948066254
  y: 26.0
  z: 15.699999988079071
  yaw: 0.7697892
  pitch: 23.790075
money: '0.0'
