lastAccountName: Fluxi2
timestamps:
  login: 1506188902814
  lastteleport: 1506188962156
  logout: 1506188963708
ipAddress: 217.249.65.229
socialspy: false
lastlocation:
  world: SkyBlock
  x: 4.852010412099071
  y: 66.0
  z: 21.69776485325528
  yaw: -93.84266
  pitch: 34.54822
logoutlocation:
  world: SkyBlock
  x: 137.57710437048908
  y: 66.0
  z: 24.313777073515084
  yaw: 10.399294
  pitch: 9.149597
