lastlocation:
  world: LionHUB
  x: 943.0195191088159
  y: 38.0
  z: -414.25812266697704
  yaw: -0.47781372
  pitch: -3.5336792
lastAccountName: GreN4d1er
timestamps:
  login: 1515145851726
  lastteleport: 1508691529809
  logout: 1515145869407
ipAddress: 85.145.65.229
logoutlocation:
  world: LionHUB
  x: 943.6511503203333
  y: 38.0
  z: -416.28594431629944
  yaw: -197.14793
  pitch: 8.229226
money: '0.0'
