timestamps:
  lastteleport: 1504932367711
  login: 1504932201516
  logout: 1504932617184
lastlocation:
  world: LionHUB
  x: 92.30000001192093
  y: 47.0
  z: -47.120951651570124
  yaw: 13.886771
  pitch: -11.6378355
lastAccountName: Gracie
ipAddress: 110.139.162.224
socialspy: false
logoutlocation:
  world: Sg
  x: -101.23941532265286
  y: 5.0
  z: 44.96597949707056
  yaw: 182.37766
  pitch: 5.646828
