timestamps:
  lastteleport: 1499901703614
  login: 1499901668344
  logout: 1499901702189
lastlocation:
  world: LionHUB
  x: 93.35
  y: 45.0
  z: -62.35
  yaw: -359.88382
  pitch: -20.032845
lastAccountName: Q0C3DConR_0Zcbys
ipAddress: 176.115.197.118
socialspy: false
logoutlocation:
  world: LionHUB
  x: 93.5
  y: 45.0
  z: -62.5
  yaw: -359.88382
  pitch: -20.032845
