lastAccountName: MatteoGamer97
timestamps:
  login: 1501852791668
  logout: 1501852795668
ipAddress: 151.54.119.119
socialspy: false
logoutlocation:
  world: LionHUB
  x: 93.51999108110613
  y: 45.0
  z: -62.30000001192093
  yaw: 4.286787
  pitch: 8.762166
