socialspy: false
lastAccountName: SizarGamerYT
timestamps:
  login: 1506966626664
  lastteleport: 1501585188743
  logout: 1506966774865
ipAddress: 62.219.165.65
lastlocation:
  world: LionHUB
  x: 942.9687468706866
  y: 38.0
  z: -414.00275539436376
  yaw: 1.8130735
  pitch: 4.1018887
logoutlocation:
  world: LionHUB
  x: 907.8254623742738
  y: 37.0
  z: -411.5134933083531
  yaw: 104.263275
  pitch: 44.901928
