lastlocation:
  world: LionHUB
  x: 942.675564183541
  y: 38.0
  z: -363.11958758269816
  yaw: 1.1713743
  pitch: 8.204661
lastAccountName: TSEPANVERSION2
timestamps:
  login: 1514549948606
  lastteleport: 1514549975925
  logout: 1514549992074
ipAddress: 79.166.119.250
money: '0.0'
logoutlocation:
  world: MainLobby
  x: -0.7039301705194562
  y: 60.0
  z: -0.00942285583809549
  yaw: 101.87741
  pitch: 8.047022
