timestamps:
  lastteleport: 1499901633140
  login: 1499901630424
  logout: 1499901630608
lastlocation:
  world: LionHUB
  x: 93.35
  y: 45.0
  z: -62.35
  yaw: -359.88382
  pitch: -20.032845
socialspy: false
lastAccountName: HKXGHw_csPfhuubX
ipAddress: 138.197.130.198
logoutlocation:
  world: LionHUB
  x: 93.5
  y: 45.0
  z: -62.5
  yaw: -359.88382
  pitch: -20.032845
