lastlocation:
  world: LionHUB
  x: 994.701665620484
  y: 38.41999998688698
  z: -415.63722365329085
  yaw: -82.82663
  pitch: 14.466511
lastAccountName: KingLemmiwinks
timestamps:
  login: 1513743380708
  logout: 1513743498287
  lastteleport: 1513743497226
ipAddress: 68.32.241.62
money: '0.0'
logoutlocation:
  world: Sg
  x: -99.5
  y: 5.0
  z: 51.5
  yaw: -179.73328
  pitch: -10.7342825
