lastlocation:
  world: LionHUB
  x: 745.792505042921
  y: 8.0
  z: 3669.888580427558
  yaw: -359.20532
  pitch: 0.09010142
lastAccountName: LilWeirdo_
timestamps:
  login: 1517676639245
  logout: 1517676777089
  lastteleport: 1517676688758
ipAddress: 84.195.174.125
logoutlocation:
  world: MainLobby
  x: 18.602081093741468
  y: 57.0
  z: 16.250727361230787
  yaw: -97.26352
  pitch: 17.976349
money: '0.0'
