lastlocation:
  world: LionHUB
  x: 942.0
  y: 38.0
  z: -415.0
  yaw: 0.0
  pitch: 0.0
lastAccountName: bobsana123
timestamps:
  login: 1514458405152
  logout: 1514458420977
ipAddress: 178.254.238.125
logoutlocation:
  world: LionHUB
  x: 943.024430965076
  y: 38.0
  z: -414.16024631937563
  yaw: -2.877813
  pitch: 38.91632
