timestamps:
  lastteleport: 1499901643092
  login: 1499901641162
lastlocation:
  world: LionHUB
  x: 93.5
  y: 45.0
  z: -62.5
  yaw: -359.88382
  pitch: -20.032845
socialspy: false
lastAccountName: MiV9W6NeCbuP0Epw
ipAddress: 185.56.92.182
logoutlocation:
  world: LionHUB
  x: 93.5
  y: 45.0
  z: -62.5
  yaw: -359.88382
  pitch: -20.032845
