timestamps:
  lastteleport: 1499018361826
  login: 1499018308020
  logout: 1499018361373
lastlocation:
  world: MainLobby
  x: 15.325477427983985
  y: 57.0
  z: 1.0530456095206087
  yaw: 83.78181
  pitch: 26.01253
socialspy: false
lastAccountName: iTzFinishHD
ipAddress: 41.250.209.107
logoutlocation:
  world: LionHUB
  x: 30.5
  y: 67.0
  z: 15.5
  yaw: 90.11987
  pitch: -0.34908158
