lastlocation:
  world: LionHUB
  x: 942.7713901147147
  y: 39.24918707874468
  z: -363.27198326534466
  yaw: 5.972239
  pitch: -6.383682
money: '500.0'
lastAccountName: ThatsZman
timestamps:
  login: 1514465996647
  logout: 1514466038255
  lastteleport: 1514466024863
ipAddress: 97.85.83.159
logoutlocation:
  world: MainLobby
  x: 27.45276317475141
  y: 57.0
  z: -16.20641216516968
  yaw: -201.06355
  pitch: 18.426353
