lastlocation:
  world: LionHUB
  x: 746.4592455243042
  y: 10.0
  z: 3608.7898504515924
  yaw: -0.10546875
  pitch: -4.859901
lastAccountName: Sub2Duster
timestamps:
  login: 1517874405966
  logout: 1517874410347
ipAddress: 174.108.111.17
logoutlocation:
  world: LionHUB
  x: 747.2243363330222
  y: 10.0
  z: 3611.450796167408
  yaw: -2.1499999
  pitch: 13.540883
