lastlocation:
  world: LionHUB
  x: 93.50848809898889
  y: 45.0
  z: -62.54658081977909
  yaw: 1.2886657
  pitch: -1.4110628
lastAccountName: Tafa_Games
timestamps:
  login: 1506555915088
  logout: 1506555969423
ipAddress: 201.131.143.251
socialspy: false
logoutlocation:
  world: LionHUB
  x: 92.30099441265338
  y: 46.0
  z: -91.82816206983799
  yaw: -11.911361
  pitch: 3.988934
