lastAccountName: ikba_YT
timestamps:
  login: 1501510686025
  logout: 1501510872583
ipAddress: 109.107.225.157
socialspy: false
logoutlocation:
  world: LionHUB
  x: 97.15899407078973
  y: 46.0
  z: -66.40876633794328
  yaw: 222.26782
  pitch: 58.36241
