timestamps:
  lastteleport: 1498067515968
  login: 1498067514066
lastlocation:
  world: LionHUB
  x: 30.5
  y: 67.0
  z: 15.5
  yaw: 90.269875
  pitch: -0.049081575
lastAccountName: 323k
ipAddress: 78.10.89.98
socialspy: false
logoutlocation:
  world: LionHUB
  x: 30.5
  y: 67.0
  z: 15.5
  yaw: 90.11987
  pitch: -0.34908158
