timestamps:
  lastteleport: 1499901715849
  login: 1499901715583
lastlocation:
  world: LionHUB
  x: 93.5
  y: 45.0
  z: -62.5
  yaw: -359.88382
  pitch: -20.032845
lastAccountName: ceeJrBgDeDe6BNJs
ipAddress: 121.40.102.199
socialspy: false
logoutlocation:
  world: LionHUB
  x: 93.5
  y: 45.0
  z: -62.5
  yaw: -359.88382
  pitch: -20.032845
