lastlocation:
  world: LionHUB
  x: 746.4592455243042
  y: 10.0
  z: 3608.7898504515924
  yaw: -0.10546875
  pitch: -4.859901
lastAccountName: grace237
timestamps:
  login: 1518515107090
  logout: 1518515145847
ipAddress: 112.200.197.254
logoutlocation:
  world: LionHUB
  x: 746.4592455243042
  y: 10.0
  z: 3608.7898504515924
  yaw: -23.505466
  pitch: 16.440104
