timestamps:
  lastteleport: 1500986749809
  login: 1500986721134
  logout: 1500986748954
lastlocation:
  world: MainLobby
  x: 27.647012608486918
  y: 58.0
  z: 0.19663806002714093
  yaw: -83.4885
  pitch: 9.277944
lastAccountName: xXTheGangsterXx
ipAddress: 95.91.228.255
socialspy: false
logoutlocation:
  world: LionHUB
  x: 93.5
  y: 45.0
  z: -62.5
  yaw: -359.88382
  pitch: -20.032845
