lastAccountName: 129s
timestamps:
  login: 1502482315209
  logout: 1502482326510
ipAddress: 24.102.241.202
socialspy: false
logoutlocation:
  world: LionHUB
  x: 93.50848809898889
  y: 45.0
  z: -62.54658081977909
  yaw: -59.85337
  pitch: -4.5465508
