lastlocation:
  world: LionHUB
  x: 943.3116477955806
  y: 38.0
  z: -363.12898357865305
  yaw: -16.190521
  pitch: -3.3679504
lastAccountName: leternlol
timestamps:
  login: 1514525130308
  lastteleport: 1514525170788
  logout: 1514525410057
ipAddress: 121.100.25.2
money: '0.0'
logoutlocation:
  world: MainLobby
  x: 21.19554599980795
  y: 57.0
  z: 20.6363246844754
  yaw: -114.276024
  pitch: 65.20425
