timestamps:
  lastteleport: 1498388661630
  login: 1498387782501
  logout: 1498388661226
lastlocation:
  world: MainLobby
  x: 13.217150260128307
  y: 57.0
  z: -10.365776578522766
  yaw: 202.8169
  pitch: 7.9066854
socialspy: false
lastAccountName: RinneGqn
ipAddress: 82.230.7.125
logoutlocation:
  world: LionHUB
  x: 30.5
  y: 67.0
  z: 15.5
  yaw: 90.11987
  pitch: -0.34908158
