timestamps:
  lastteleport: 1501408569406
  login: 1501408472525
  logout: 1501408789036
lastlocation:
  world: LionHUB
  x: 103.01769113562794
  y: 38.27103840677097
  z: -69.38594481209545
  yaw: -58.76446
  pitch: 20.806622
socialspy: false
lastAccountName: XxJunorexx
ipAddress: 119.74.41.123
logoutlocation:
  world: MainLobby
  x: 30.852710275645833
  y: 58.4807108763317
  z: 0.745174605878005
  yaw: 272.28506
  pitch: 8.622454
godmode: false
