lastlocation:
  world: LionHUB
  x: 942.0
  y: 38.0
  z: -415.0
  yaw: 0.0
  pitch: 0.0
lastAccountName: Misphhit
timestamps:
  login: 1512616701799
  logout: 1512616730815
ipAddress: 104.178.204.137
logoutlocation:
  world: LionHUB
  x: 943.0195191088159
  y: 38.0
  z: -414.0086146862565
  yaw: 75.05793
  pitch: 17.065193
