timestamps:
  lastteleport: 1498999978445
  login: 1498999852413
  logout: 1498999978090
lastlocation:
  world: LionHUB
  x: 42.37590055129825
  y: 4.0
  z: -91.29361868334097
  yaw: -89.58008
  pitch: 51.45001
socialspy: false
lastAccountName: Le_Camuramen
ipAddress: 197.0.101.158
logoutlocation:
  world: LionHUB
  x: 42.37590055129825
  y: 4.0
  z: -91.29361868334097
  yaw: -89.58008
  pitch: 51.45001
