lastlocation:
  world: LionHUB
  x: 943.4168725238912
  y: 38.0
  z: -363.05657239770807
  yaw: 4.9656067
  pitch: 83.29021
lastAccountName: RICHKID199
timestamps:
  login: 1512258134610
  logout: 1512259242389
  lastteleport: 1512258193576
ipAddress: 216.110.121.35
logoutlocation:
  world: MainLobby
  x: 0.11563259807765507
  y: 60.0
  z: -0.819036813659577
  yaw: -40.0694
  pitch: -15.233845
money: '0.0'
