lastAccountName: Nero1066
timestamps:
  login: 1505606538788
  lastteleport: 1505606557334
  logout: 1505606610179
ipAddress: 86.174.255.105
socialspy: false
lastlocation:
  world: LionHUB
  x: 93.50848809898889
  y: 45.0
  z: -62.54658081977909
  yaw: -2.3113344
  pitch: 2.9389372
logoutlocation:
  world: ASkyBlock
  x: 603.2240733266802
  y: 120.0
  z: -599.8142487844789
  yaw: 83.40004
  pitch: 73.649956
