lastlocation:
  world: Sg
  x: -95.60465143885334
  y: 5.0
  z: 57.29671453364304
  yaw: -350.61252
  pitch: 13.162887
lastAccountName: STG_Zack
timestamps:
  login: 1517876795462
  lastteleport: 1517876841377
  logout: 1517876851779
ipAddress: 75.72.17.19
money: '500.0'
logoutlocation:
  world: LionHUB
  x: 745.9375332336206
  y: 10.0
  z: 3606.5618895936104
  yaw: -5.004364
  pitch: 3.172092
