lastAccountName: mmads23
timestamps:
  login: 1506203485998
  lastteleport: 1506203496544
  logout: 1506203581002
ipAddress: 85.232.206.107
socialspy: false
lastlocation:
  world: LionHUB
  x: 96.33471843587401
  y: 46.5
  z: -62.72490168867995
  yaw: 350.09268
  pitch: 3.4325807
logoutlocation:
  world: MainLobby
  x: 36.84040731376572
  y: 58.0
  z: 0.6856066467429331
  yaw: -93.29584
  pitch: 15.306374
