lastlocation:
  world: FFA
  x: -6.100963480915632
  y: 14.0
  z: -17.58227644969547
  yaw: 182.27708
  pitch: 1.5789362
