lastAccountName: ZachS721
timestamps:
  login: 1507494148745
  lastteleport: 1507494162709
  logout: 1507494590928
ipAddress: 75.140.174.83
socialspy: false
lastlocation:
  world: MainLobby
  x: 6.638573433349177
  y: 59.0
  z: 0.034501449325763656
  yaw: -104.300156
  pitch: 29.097408
logoutlocation:
  world: MainLobby
  x: 4.394374124516311
  y: 60.5
  z: -0.8114214409111464
  yaw: -102.77015
  pitch: 0.83235484
