lastAccountName: justimgaming
timestamps:
  login: 1505660987917
  lastteleport: 1505661039776
  logout: 1505662443700
ipAddress: 74.72.6.107
socialspy: false
lastlocation:
  world: LionHUB
  x: 93.59910002706633
  y: 47.0
  z: -50.45984847768604
  yaw: 8.036788
  pitch: 30.000006
logoutlocation:
  world: FFA
  x: 13.0
  y: 11.0
  z: -149.0
  yaw: 33.06997
  pitch: 17.834433
