lastAccountName: RyanSucksAtLife
timestamps:
  login: 1504220166502
  lastteleport: 1504216762804
  logout: 1504220233550
ipAddress: 47.198.28.178
socialspy: false
lastlocation:
  world: LionHUB
  x: 93.1824021890268
  y: 47.0
  z: -47.947652777966994
  yaw: 357.58823
  pitch: -10.458433
logoutlocation:
  world: LionHUB
  x: 95.69699245425814
  y: 47.0
  z: -52.469046868940126
  yaw: -8.973946
  pitch: 15.052118
