lastlocation:
  world: LionHUB
  x: 891.9831664881003
  y: 39.37594253186048
  z: -414.79938830729907
  yaw: -270.32416
  pitch: 6.496803
lastAccountName: milosucksdick
timestamps:
  login: 1516047529360
  lastteleport: 1516047609611
  logout: 1516047712378
ipAddress: 66.225.251.21
money: '0.0'
logoutlocation:
  world: SkyBlock
  x: 141.43711529250356
  y: 66.0
  z: 17.606859853366526
  yaw: -61.374447
  pitch: 24.574741
