lastlocation:
  world: MainLobby
  x: 9.203951875573848
  y: 60.0
  z: 1.1827013164345137
  yaw: -116.73255
  pitch: 35.20472
lastAccountName: iRetardedPvP
timestamps:
  login: 1507208141014
  lastteleport: 1506776465824
  logout: 1507208156093
ipAddress: 124.6.235.206
socialspy: false
logoutlocation:
  world: LionHUB
  x: 943.0644037800563
  y: 38.0
  z: -414.69615849648756
  yaw: -1.7533569
  pitch: 1.7075297
