timestamps:
  lastteleport: 1498212055012
  login: 1498212026238
  logout: 1498212054260
lastlocation:
  world: LionHUB
  x: 30.5
  y: 67.0
  z: 15.5
  yaw: -128.5684
  pitch: 10.091791
socialspy: false
lastAccountName: Xx_pro_xX
ipAddress: 42.61.224.204
logoutlocation:
  world: LionHUB
  x: 30.5
  y: 67.0
  z: 15.5
  yaw: 90.11987
  pitch: -0.34908158
