timestamps:
  lastteleport: 1498772683753
  login: 1498772630633
  logout: 1498772683550
lastlocation:
  world: MainLobby
  x: 32.594293994231975
  y: 65.62412654245182
  z: 34.079936530378916
  yaw: -19.453796
  pitch: 34.633095
socialspy: false
lastAccountName: karowaner
ipAddress: 24.60.155.232
logoutlocation:
  world: LionHUB
  x: 30.5
  y: 67.0
  z: 15.5
  yaw: 90.11987
  pitch: -0.34908158
