socialspy: false
lastAccountName: caps_isvbroken
timestamps:
  login: 1506808701624
  logout: 1506808777558
  lastteleport: 1506278850981
ipAddress: 24.211.76.13
lastlocation:
  world: LionHUB
  x: 93.51999108110613
  y: 45.0
  z: -62.30000001192093
  yaw: -1.2632126
  pitch: 11.762165
logoutlocation:
  world: LionHUB
  x: 93.7535581096245
  y: 47.0
  z: -48.54416048564676
  yaw: 26.636868
  pitch: -14.937843
