lastlocation:
  world: LionHUB
  x: 746.4592455243042
  y: 10.0
  z: 3608.7898504515924
  yaw: -0.10546875
  pitch: -4.859901
lastAccountName: KoffieKola330
timestamps:
  login: 1521261781709
  logout: 1521261782959
ipAddress: 96.125.241.129
logoutlocation:
  world: LionHUB
  x: 746.4592455243042
  y: 10.0
  z: 3608.7898504515924
  yaw: -0.10546875
  pitch: -4.859901
