lastlocation:
  world: LionHUB
  x: 943.1334268042334
  y: 39.00133597911215
  z: -363.16566459540434
  yaw: -1.8278133
  pitch: 50.166332
lastAccountName: yourboisam
timestamps:
  login: 1517017359021
  logout: 1517017428264
  lastteleport: 1517017382058
ipAddress: 180.190.192.103
logoutlocation:
  world: MainLobby
  x: 0.9356211751477654
  y: 61.0
  z: 4.29442715552354
  yaw: 209.48651
  pitch: 13.049993
money: '0.0'
