timestamps:
  lastteleport: 1500223169070
  login: 1500223134443
  logout: 1500223167617
lastlocation:
  world: LionHUB
  x: 93.5
  y: 45.0
  z: -62.5
  yaw: -251.74945
  pitch: 3.369592
socialspy: false
lastAccountName: xXkill3x
ipAddress: 46.59.175.28
logoutlocation:
  world: LionHUB
  x: 93.5
  y: 45.0
  z: -62.5
  yaw: -359.88382
  pitch: -20.032845
