timestamps:
  lastteleport: 1497950673119
  login: 1497950670162
  logout: 1497950671015
lastlocation:
  world: LionHUB
  x: 30.5
  y: 67.0
  z: 15.5
  yaw: 90.11987
  pitch: -0.34908158
socialspy: false
lastAccountName: YaMaN_PVP
ipAddress: 62.201.225.24
logoutlocation:
  world: LionHUB
  x: 30.5
  y: 67.0
  z: 15.5
  yaw: 90.11987
  pitch: -0.34908158
