lastlocation:
  world: LionHUB
  x: 940.1834781993542
  y: 37.5
  z: -399.02561969169074
  yaw: 4.022217
  pitch: -7.283679
lastAccountName: raisgom393
timestamps:
  login: 1511402982515
  lastteleport: 1511403001905
  logout: 1511403137549
ipAddress: 50.71.222.143
logoutlocation:
  world: MainLobby
  x: 20.131567857432927
  y: 58.0
  z: 0.5868769949896826
  yaw: 80.93637
  pitch: 22.176357
