lastAccountName: PelicanPvP123
timestamps:
  login: 1505941647828
  lastteleport: 1505768967585
  logout: 1505941654609
ipAddress: 50.100.84.51
socialspy: false
lastlocation:
  world: LionHUB
  x: 93.96297599671348
  y: 46.0
  z: -57.229061253174606
  yaw: -146.58568
  pitch: 12.286038
logoutlocation:
  world: LionHUB
  x: 93.51999108110613
  y: 45.0
  z: -62.30000001192093
  yaw: 9.371419
  pitch: 1.5990244
