lastAccountName: The_Bowhay
timestamps:
  login: 1513477650250
  logout: 1513478005423
  lastteleport: 1513477802008
ipAddress: 218.215.30.17
socialspy: false
logoutlocation:
  world: LionHUB
  x: 951.5713650544856
  y: 44.0
  z: -434.964788288421
  yaw: -333.1383
  pitch: 16.372213
lastlocation:
  world: parkour
  x: 0.5
  y: 19.0
  z: 0.5
  yaw: 5.098877
  pitch: 11.549979
money: '0.0'
