lastlocation:
  world: skywars
  x: 102.5
  y: 150.0
  z: -129.5
  yaw: -2.2522888
  pitch: -12.645975
lastAccountName: DoctorSajt2017
timestamps:
  login: 1507221228486
  logout: 1507221312705
ipAddress: 176.63.101.189
socialspy: false
logoutlocation:
  world: LionHUB
  x: 945.6209836829445
  y: 37.0
  z: -415.3280288167894
  yaw: -83.80333
  pitch: 5.30753
