lastlocation:
  world: LionHUB
  x: 746.4592455243042
  y: 10.0
  z: 3608.7898504515924
  yaw: -0.10546875
  pitch: -4.859901
lastAccountName: Nikola145
timestamps:
  login: 1518465143899
  lastteleport: 1518265594837
  logout: 1518465152928
ipAddress: 212.237.121.248
money: '500.0'
logoutlocation:
  world: LionHUB
  x: 746.4592455243042
  y: 10.0
  z: 3608.7898504515924
  yaw: -0.10546875
  pitch: -4.859901
