lastlocation:
  world: UhcMeetup
  x: 176.68135958435622
  y: 69.06935599595364
  z: 63.70181456375215
  yaw: 26.999603
  pitch: 27.59999
lastAccountName: kokun393
timestamps:
  login: 1511402408653
  lastteleport: 1511402426867
  logout: 1511402832170
ipAddress: 50.71.222.143
logoutlocation:
  world: MainLobby
  x: 34.98134790520393
  y: 57.0
  z: 3.48508275513529
  yaw: 287.94992
  pitch: 10.700013
