lastAccountName: Brushnit
timestamps:
  login: 1506268879225
  logout: 1506268909595
ipAddress: 24.211.76.13
socialspy: false
logoutlocation:
  world: LionHUB
  x: 93.51046116669022
  y: 45.5
  z: -62.97680248119668
  yaw: 0.38866577
  pitch: 1.5889369
