lastAccountName: MrMobSlayer100
timestamps:
  login: 1505673720285
  lastteleport: 1504374767144
  logout: 1505673850484
ipAddress: 24.28.86.151
socialspy: false
lastlocation:
  world: LionHUB
  x: 93.1960373146014
  y: 47.0
  z: -48.8261329105495
  yaw: 10.382282
  pitch: 14.591938
logoutlocation:
  world: LionHUB
  x: 91.6609931479959
  y: 46.0
  z: -62.5552960343833
  yaw: 150.40639
  pitch: 5.1818275
