timestamps:
  lastteleport: 1499901680271
  login: 1499901646278
  logout: 1499901678498
lastlocation:
  world: LionHUB
  x: 93.35
  y: 45.0
  z: -62.35
  yaw: -359.88382
  pitch: -20.032845
lastAccountName: S6IIXBGY6rxeKEk1
ipAddress: 120.26.206.178
socialspy: false
logoutlocation:
  world: LionHUB
  x: 93.5
  y: 45.0
  z: -62.5
  yaw: -359.88382
  pitch: -20.032845
