lastAccountName: PawK22
timestamps:
  login: 1503858930294
  lastteleport: 1503813254633
  logout: 1503859124288
ipAddress: 73.245.51.125
socialspy: false
lastlocation:
  world: LionHUB
  x: 93.47511844776405
  y: 46.0
  z: -88.21421835040832
  yaw: 180.83861
  pitch: 12.238929
logoutlocation:
  world: LionHUB
  x: 93.92729051953066
  y: 44.5
  z: -119.50770461329141
  yaw: 2.1869917
  pitch: 19.262182
