lastlocation:
  world: LionHUB
  x: 93.02783245035799
  y: 47.0
  z: -47.74191883861212
  yaw: -6.956309
  pitch: -27.770008
socialspy: false
lastAccountName: vobm100
timestamps:
  login: 1506785548276
  lastteleport: 1506785582490
  logout: 1506785603517
ipAddress: 123.25.37.233
logoutlocation:
  world: MainLobby
  x: 13.12980349395555
  y: 57.0
  z: -9.55500642682921
  yaw: -169.11542
  pitch: 21.839401
