timestamps:
  lastteleport: 1498162454353
  login: 1498162415051
  logout: 1498162452300
lastlocation:
  world: LionHUB
  x: 24.645178681099928
  y: 66.0
  z: 15.488449662869243
  yaw: 90.41987
  pitch: 5.500919
lastAccountName: kallle111
ipAddress: 95.90.248.239
socialspy: false
logoutlocation:
  world: LionHUB
  x: 30.5
  y: 67.0
  z: 15.5
  yaw: 90.11987
  pitch: -0.34908158
