lastlocation:
  world: LionHUB
  x: 942.0
  y: 38.0
  z: -415.0
  yaw: 0.0
  pitch: 0.0
lastAccountName: AltPvp
timestamps:
  login: 1516464537829
  logout: 1516464564935
ipAddress: 105.228.89.195
logoutlocation:
  world: LionHUB
  x: 943.0195191088159
  y: 38.0
  z: -414.25812266697704
  yaw: -0.47781372
  pitch: -3.5336792
