lastlocation:
  world: Factions
  x: 154.25972940853202
  y: 7.0
  z: 203.92500001192093
  yaw: 223.335
  pitch: 13.231578
