timestamps:
  lastteleport: 1511491050421
  login: 1511491022805
  logout: 1511491083068
lastlocation:
  world: SkyBlock
  x: 0.5021512941457331
  y: 65.0
  z: 0.7154331385634184
  yaw: 1.1493287
  pitch: 21.050865
socialspy: false
lastAccountName: clairee_0605
ipAddress: 67.246.184.201
logoutlocation:
  world: ASkyBlock
  x: 600.4008130456285
  y: 119.0
  z: -800.3014024187685
  yaw: -21.750183
  pitch: 29.099997
money: '1307'
