timestamps:
  lastteleport: 1499901724614
  login: 1499901703530
  logout: 1499901724405
lastlocation:
  world: LionHUB
  x: 93.35
  y: 45.0
  z: -62.35
  yaw: -359.88382
  pitch: -20.032845
lastAccountName: X9ky4FjqTJPlzD0b
ipAddress: 50.63.167.115
socialspy: false
logoutlocation:
  world: LionHUB
  x: 93.5
  y: 45.0
  z: -62.5
  yaw: -359.88382
  pitch: -20.032845
