lastlocation:
  world: LionHUB
  x: 942.7311778329245
  y: 37.0
  z: -377.87360834775365
  yaw: -359.3897
  pitch: 2.1994743
lastAccountName: Shining_Armor21
timestamps:
  login: 1506971876706
  lastteleport: 1506971899012
  logout: 1506971921377
ipAddress: 65.26.158.168
socialspy: false
logoutlocation:
  world: SkyBlock
  x: -0.19482302617722264
  y: 64.0
  z: 42.781623134660116
  yaw: 82.10276
  pitch: -34.69062
