lastlocation:
  world: LionHUB
  x: 943.6156298902056
  y: 38.0
  z: -363.11222779069254
  yaw: -33.549713
  pitch: 7.6524024
lastAccountName: ThanasisgamingGR
timestamps:
  login: 1516364246515
  logout: 1516364330051
  lastteleport: 1516364265510
ipAddress: 178.59.175.199
money: '0.0'
logoutlocation:
  world: MainLobby
  x: 22.300000011920925
  y: 58.0
  z: -1.699999988079071
  yaw: -284.81903
  pitch: 53.64524
