lastAccountName: CRAFTmz
timestamps:
  login: 1503740770059
  logout: 1503740805058
ipAddress: 31.19.178.99
socialspy: false
logoutlocation:
  world: LionHUB
  x: 93.88846951050186
  y: 45.5
  z: -62.00671532530597
  yaw: -28.202532
  pitch: 9.648135
