socialspy: false
lastAccountName: shqipe123
timestamps:
  login: 1501744326401
  lastteleport: 1501743903397
  logout: 1501744329102
ipAddress: 109.193.73.223
lastlocation:
  world: LionHUB
  x: 93.61445449618941
  y: 48.24918707874468
  z: -48.118861539978695
  yaw: 0.8363037
  pitch: 19.500023
logoutlocation:
  world: LionHUB
  x: 93.51999108110613
  y: 45.0
  z: -62.30000001192093
  yaw: -1.2632126
  pitch: 11.762165
