lastAccountName: huseyin232
timestamps:
  login: 1504026423722
  logout: 1504026527740
ipAddress: 78.173.162.92
socialspy: false
logoutlocation:
  world: LionHUB
  x: 93.5567563583459
  y: 47.0
  z: -50.47801448384832
  yaw: 1.2886657
  pitch: -1.4110628
