lastlocation:
  world: LionHUB
  x: 943.0195191088159
  y: 38.0
  z: -414.25812266697704
  yaw: -0.47781372
  pitch: -3.5336792
lastAccountName: Hoebeee
timestamps:
  login: 1511296849065
  logout: 1511296980592
ipAddress: 68.66.105.120
logoutlocation:
  world: LionHUB
  x: 945.430162565874
  y: 37.5
  z: -422.3701185277393
  yaw: 53.072388
  pitch: 61.716316
