timestamps:
  lastteleport: 1499901647476
  login: 1499901644638
lastlocation:
  world: LionHUB
  x: 93.5
  y: 45.0
  z: -62.5
  yaw: -359.88382
  pitch: -20.032845
lastAccountName: m9UBK9uw2ek0gQnS
ipAddress: 37.59.0.139
socialspy: false
logoutlocation:
  world: LionHUB
  x: 93.5
  y: 45.0
  z: -62.5
  yaw: -359.88382
  pitch: -20.032845
