lastlocation:
  world: LionHUB
  x: 942.9847941585354
  y: 38.0
  z: -414.80756805231493
  yaw: -359.53693
  pitch: 4.701889
socialspy: false
lastAccountName: Nerdy126
timestamps:
  login: 1507201113168
  lastteleport: 1507201180140
  logout: 1507201544650
ipAddress: 77.78.2.157
logoutlocation:
  world: LionHUB
  x: 917.6597063143803
  y: 33.0
  z: -398.3334820345434
  yaw: -228.70174
  pitch: -14.825434
