lastlocation:
  world: LionHUB
  x: 93.53409087150067
  y: 46.0
  z: -61.354790566846276
  yaw: 351.01743
  pitch: 6.7047315
lastAccountName: orlandochief
timestamps:
  login: 1506540477397
  logout: 1506540547377
  lastteleport: 1506540480377
ipAddress: 84.85.255.121
socialspy: false
logoutlocation:
  world: LionHUB
  x: 93.52766138284642
  y: 46.0
  z: -61.41082498472753
  yaw: 8.23053
  pitch: -60.10659
