lastlocation:
  world: LionHUB
  x: 943.0195191088159
  y: 38.0
  z: -414.25812266697704
  yaw: -0.47781372
  pitch: -3.5336792
lastAccountName: yxGamer
timestamps:
  login: 1513267406588
  logout: 1513267427618
ipAddress: 109.193.133.8
money: '500.0'
logoutlocation:
  world: LionHUB
  x: 940.1989071875909
  y: 37.0
  z: -410.28292827181724
  yaw: 56.952778
  pitch: 0.89047635
