lastlocation:
  world: LionHUB
  x: 942.0
  y: 38.0
  z: -415.0
  yaw: 0.0
  pitch: 0.0
lastAccountName: AtomicGibberish
timestamps:
  login: 1517123219333
  logout: 1517123240568
ipAddress: 75.166.151.191
logoutlocation:
  world: LionHUB
  x: 938.1867647942606
  y: 37.0
  z: -411.8995762377288
  yaw: 132.0376
  pitch: 29.093033
