lastlocation:
  world: SkyBlock
  x: 0.0
  y: 65.0
  z: 0.0
  yaw: 0.0
  pitch: 0.0
lastAccountName: thedarknight6965
timestamps:
  login: 1512302076063
  lastteleport: 1512302321147
  logout: 1512302489682
ipAddress: 90.219.68.154
money: '0.0'
logoutlocation:
  world: SkyBlock
  x: -24.09722959259178
  y: -23.65526039229183
  z: 0.6999999880790708
  yaw: -314.20908
  pitch: -90.0
