lastAccountName: AtomoMC
timestamps:
  login: 1506264001578
  lastteleport: 1506264048540
  logout: 1506264513003
ipAddress: 98.5.119.162
socialspy: false
lastlocation:
  world: LionHUB
  x: 91.98608955874809
  y: 46.0
  z: -68.27569680928619
  yaw: 4.6007314
  pitch: -0.7789762
logoutlocation:
  world: LionHUB
  x: 211.5195901857669
  y: 25.0
  z: -113.89436019864014
  yaw: 185.18256
  pitch: 12.198579
