lastlocation:
  world: LionHUB
  x: 740.6668036460995
  y: 5.0
  z: 3629.300000011921
  yaw: 87.71628
  pitch: -3.1109576
lastAccountName: FASTBOY1
timestamps:
  login: 1520953006328
  logout: 1520953077031
ipAddress: 68.50.187.201
logoutlocation:
  world: LionHUB
  x: 690.6117844453072
  y: 160.36407102902726
  z: 3629.3352240437825
  yaw: 100.90155
  pitch: -41.40415
