lastAccountName: Xx_DerpyGod_xX
timestamps:
  login: 1503472233651
  logout: 1503473488830
  lastteleport: 1503472238019
ipAddress: 120.152.2.183
socialspy: false
logoutlocation:
  world: MainLobby
  x: 16.50009133146235
  y: 67.0
  z: -29.178096042207578
  yaw: 220.20854
  pitch: 69.53995
lastlocation:
  world: LionHUB
  x: 93.51999108110613
  y: 45.0
  z: -62.30000001192093
  yaw: 1.1981483
  pitch: 35.91427
