timestamps:
  lastteleport: 1499704180279
  login: 1499704170941
  logout: 1499704179377
lastlocation:
  world: LionHUB
  x: 93.48720719013363
  y: 45.0
  z: -62.07017614440115
  yaw: -355.48822
  pitch: -3.3599477
socialspy: false
lastAccountName: BlaimLag
ipAddress: 173.17.213.53
logoutlocation:
  world: LionHUB
  x: 93.5
  y: 45.0
  z: -62.5
  yaw: -359.88382
  pitch: -20.032845
