lastlocation:
  world: ASkyBlock
  x: 803.4074708591994
  y: 120.0
  z: 0.49243836431261767
  yaw: -269.34692
  pitch: 81.000015
