lastlocation:
  world: LionHUB
  x: 942.0
  y: 38.0
  z: -415.0
  yaw: 0.0
  pitch: 0.0
lastAccountName: XlnD47
timestamps:
  login: 1515940953518
  logout: 1515941053128
ipAddress: 77.125.96.127
logoutlocation:
  world: LionHUB
  x: 943.6166237440384
  y: 37.0
  z: -411.17836908140146
  yaw: -22.928988
  pitch: -11.936932
