lastlocation:
  world: LionHUB
  x: 935.5275877468905
  y: 34.5
  z: -389.42101593212504
  yaw: 84.46308
  pitch: 18.051893
lastAccountName: LegendaryProGR
timestamps:
  login: 1510338867370
  lastteleport: 1510338911310
  logout: 1510338959297
ipAddress: 5.55.149.113
logoutlocation:
  world: MainLobby
  x: 8.63033806039038
  y: 59.0
  z: -0.3000000119209287
  yaw: -69.06357
  pitch: 6.600011
