timestamps:
  lastteleport: 1507422367666
  login: 1507422303430
  logout: 1507422524375
lastlocation:
  world: MainLobby
  x: -0.5335005639400162
  y: 60.0
  z: 0.46918172662426155
  yaw: -89.0
  pitch: 2.0
socialspy: false
lastAccountName: _slowturtle_
ipAddress: 69.156.64.46
logoutlocation:
  world: MainLobby
  x: -0.5335005639400162
  y: 60.0
  z: 0.4691817266242615
  yaw: -89.0
  pitch: 2.0
