timestamps:
  lastteleport: 1499242728041
  login: 1499242687479
  logout: 1499242726138
lastlocation:
  world: LionHUB
  x: 93.993755134028
  y: 45.0
  z: -62.74651546003136
  yaw: -84.016975
  pitch: 31.277557
lastAccountName: ghastrulla
ipAddress: 180.248.1.174
socialspy: false
logoutlocation:
  world: LionHUB
  x: 93.5
  y: 45.0
  z: -62.5
  yaw: -179.4159
  pitch: 90.0
