timestamps:
  lastteleport: 1499901711531
  login: 1499901681788
  logout: 1499901709128
lastlocation:
  world: LionHUB
  x: 93.5
  y: 45.0
  z: -62.5
  yaw: -359.88382
  pitch: -20.032845
lastAccountName: mGypS0xErQ6eWCRX
ipAddress: 183.88.52.113
socialspy: false
logoutlocation:
  world: LionHUB
  x: 93.5
  y: 45.0
  z: -62.5
  yaw: -359.88382
  pitch: -20.032845
