lastlocation:
  world: LionHUB
  x: 891.032186227836
  y: 38.0
  z: -414.5183248487245
  yaw: 90.42212
  pitch: -5.483685
lastAccountName: xxjessicatxx
timestamps:
  login: 1512954472867
  lastteleport: 1512954582650
  logout: 1512954623580
ipAddress: 81.174.205.70
afk: false
logoutlocation:
  world: SkyBlock
  x: 2.5695496691265896
  y: 65.0
  z: 17.049282974571685
  yaw: -5.9006653
  pitch: -1.2991376
money: '0.0'
