lastlocation:
  world: LionHUB
  x: 943.0644037800563
  y: 38.0
  z: -414.69615849648756
  yaw: 358.24664
  pitch: 1.7075297
lastAccountName: Sickos
timestamps:
  login: 1507151006648
ipAddress: 109.158.85.14
socialspy: false
logoutlocation:
  world: LionHUB
  x: 942.9847941585354
  y: 38.0
  z: -414.80756805231493
  yaw: -359.53693
  pitch: 4.701889
