lastAccountName: TCP_IP
timestamps:
  login: 1504411340922
  lastteleport: 1504411360325
  logout: 1504411428087
ipAddress: 69.146.176.120
socialspy: false
lastlocation:
  world: LionHUB
  x: 93.28166630446982
  y: 47.0
  z: -48.70101727034799
  yaw: 17.583618
  pitch: 19.468483
logoutlocation:
  world: SkyBlock
  x: 142.269592156874
  y: 66.0
  z: 21.710457595566634
  yaw: 176.46336
  pitch: 59.570034
