timestamps:
  lastteleport: 1499901721221
  login: 1499901715137
  logout: 1499901719195
lastlocation:
  world: LionHUB
  x: 93.5
  y: 45.0
  z: -62.5
  yaw: -359.88382
  pitch: -20.032845
lastAccountName: MwNYc3reur6va0iv
ipAddress: 118.173.78.101
socialspy: false
logoutlocation:
  world: LionHUB
  x: 93.5
  y: 45.0
  z: -62.5
  yaw: -359.88382
  pitch: -20.032845
