timestamps:
  lastteleport: 1499347279519
  login: 1499347210432
  logout: 1499347278714
lastlocation:
  world: FFA
  x: 44.51516492711117
  y: 40.0
  z: -492.4726790065488
  yaw: -128.70825
  pitch: 21.793447
lastAccountName: LetsKlayTV
ipAddress: 93.223.3.246
socialspy: false
logoutlocation:
  world: LionHUB
  x: 93.0
  y: 45.0
  z: -63.0
  yaw: -179.4159
  pitch: 90.0
