socialspy: false
lastAccountName: mons0427
timestamps:
  login: 1506178612101
  logout: 1506178652720
ipAddress: 83.250.120.100
logoutlocation:
  world: LionHUB
  x: 93.3968253254267
  y: 46.0
  z: -57.255838916943645
  yaw: -177.30078
  pitch: 8.936322
