lastlocation:
  world: LionHUB
  x: 942.8910074167181
  y: 38.0
  z: -415.26652313287366
  yaw: 28.823315
  pitch: -9.702333
lastAccountName: CrazyTurtleNinja
timestamps:
  login: 1514546559996
  lastteleport: 1514546599180
  logout: 1514546610286
ipAddress: 84.50.241.7
money: '0.0'
logoutlocation:
  world: Factions
  x: 123.40716207665697
  y: 69.0
  z: -321.30000001192093
  yaw: 16.933737
  pitch: 7.7944927
