lastAccountName: xhananex
timestamps:
  login: 1504022574843
  logout: 1504022669578
  lastteleport: 1504022601250
ipAddress: 196.75.124.236
socialspy: false
logoutlocation:
  world: SkyBlock
  x: -0.04587487205611496
  y: 64.0
  z: 43.873431239997664
  yaw: 41.79944
  pitch: 16.100845
lastlocation:
  world: LionHUB
  x: 93.58327093768457
  y: 46.0
  z: -56.44847808629951
  yaw: 0.08678756
  pitch: 20.312164
