lastlocation:
  world: Factions
  x: -800.6513143320078
  y: 67.0
  z: -1333.9039651846024
  yaw: 115.3233
  pitch: 46.799976
lastAccountName: kolohen4
timestamps:
  login: 1512329786921
  lastteleport: 1512322825419
  kits:
    starter: 1512321489067
  logout: 1512323557799
ipAddress: 89.123.31.76
money: '500.0'
logoutlocation:
  world: LionHUB
  x: 943.0195191088159
  y: 38.0
  z: -414.25812266697704
  yaw: -0.6278137
  pitch: 12.366322
