lastlocation:
  world: LionHUB
  x: 940.5564090771702
  y: 37.5
  z: -404.86251504339293
  yaw: -349.21436
  pitch: 57.920586
lastAccountName: Ayegle
timestamps:
  login: 1510339016653
  lastteleport: 1510339035644
  logout: 1510339049585
ipAddress: 95.90.244.13
logoutlocation:
  world: MainLobby
  x: 7.540691139813749
  y: 59.0
  z: 0.4632676788989439
  yaw: -95.18952
  pitch: 18.513113
