lastAccountName: LightingRoyal
timestamps:
  login: 1505803279500
  lastteleport: 1501549673165
  logout: 1505803284446
ipAddress: 14.191.135.85
socialspy: false
lastlocation:
  world: LionHUB
  x: 93.51999108110613
  y: 45.0
  z: -62.30000001192093
  yaw: -34.71321
  pitch: 0.9621645
logoutlocation:
  world: LionHUB
  x: 93.51999108110613
  y: 45.0
  z: -62.30000001192093
  yaw: 355.7418
  pitch: 11.096617
