timestamps:
  lastteleport: 1498492390625
  login: 1498492371174
  logout: 1498492390022
lastlocation:
  world: LionHUB
  x: -25.025868936999416
  y: 77.5
  z: 33.01780081132125
  yaw: -0.95028186
  pitch: -2.5027728
lastAccountName: racist_salad
ipAddress: 148.252.19.47
socialspy: false
logoutlocation:
  world: LionHUB
  x: 30.5
  y: 67.0
  z: 15.5
  yaw: 90.11987
  pitch: -0.34908158
