lastAccountName: OpTicGamer131
timestamps:
  login: 1504975903404
  logout: 1504975919497
  lastteleport: 1504975914980
ipAddress: 73.102.212.201
socialspy: false
logoutlocation:
  world: MainLobby
  x: -0.5
  y: 60.0
  z: 0.5
  yaw: -89.913536
  pitch: 2.2263546
lastlocation:
  world: LionHUB
  x: 93.51999108110613
  y: 45.0
  z: -62.30000001192093
  yaw: 53.87363
  pitch: 76.16979
