timestamps:
  lastteleport: 1499901716008
  login: 1499901705535
  logout: 1499901714128
lastlocation:
  world: LionHUB
  x: 93.5
  y: 45.0
  z: -62.5
  yaw: -359.88382
  pitch: -20.032845
socialspy: false
lastAccountName: 9edr7kDyy1OMyTZo
ipAddress: 47.90.85.164
logoutlocation:
  world: LionHUB
  x: 93.5
  y: 45.0
  z: -62.5
  yaw: -359.88382
  pitch: -20.032845
