timestamps:
  lastteleport: 1498399491542
  login: 1498399067095
  logout: 1498399490389
lastlocation:
  world: MainLobby
  x: 23.379232583885415
  y: 58.170787077218804
  z: -7.250906503093823
  yaw: 345.50317
  pitch: 13.687845
lastAccountName: AndrewtherealGR
ipAddress: 195.97.88.63
socialspy: false
logoutlocation:
  world: LionHUB
  x: 30.5
  y: 67.0
  z: 15.5
  yaw: 90.11987
  pitch: -0.34908158
