lastAccountName: patryk7300
timestamps:
  login: 1503417967206
  lastteleport: 1503418011472
  logout: 1503418086450
ipAddress: 83.5.28.79
socialspy: false
lastlocation:
  world: LionHUB
  x: 93.38783282571168
  y: 47.0
  z: -47.82845498393645
  yaw: 0.71240705
  pitch: -1.5682203
logoutlocation:
  world: LionHUB
  x: 93.0
  y: 45.0
  z: -63.0
  yaw: 180.0
  pitch: -180.0
