lastlocation:
  world: LionHUB
  x: 885.7218343607617
  y: 4.375
  z: -158.6782572864088
  yaw: -266.694
  pitch: 54.15003
