lastlocation:
  world: LionHUB
  x: 943.0644037800563
  y: 38.0
  z: -414.69615849648756
  yaw: 358.24664
  pitch: 1.7075297
lastAccountName: wolfcreepy
timestamps:
  login: 1507132139787
  logout: 1507132228522
ipAddress: 151.254.85.25
socialspy: false
logoutlocation:
  world: LionHUB
  x: 935.5998687426505
  y: 37.5
  z: -422.60492278036486
  yaw: 139.55864
  pitch: 23.21153
