lastlocation:
  world: LionHUB
  x: 746.4592455243042
  y: 10.0
  z: 3608.7898504515924
  yaw: -33.705463
  pitch: -25.5599
lastAccountName: firedino23
timestamps:
  login: 1518480841968
  lastteleport: 1518480850935
  logout: 1518480879884
ipAddress: 108.206.162.230
money: '0.0'
logoutlocation:
  world: MainLobby
  x: 10.713263357352748
  y: 59.0
  z: -0.5793224378268431
  yaw: -238.71368
  pitch: -10.97364
