lastAccountName: EliteRevenge
timestamps:
  login: 1505638725670
  lastteleport: 1505638817489
  logout: 1505639955253
ipAddress: 176.58.214.44
socialspy: false
lastlocation:
  world: LionHUB
  x: 97.33475563163964
  y: 46.5
  z: -63.279052700098696
  yaw: -316.79727
  pitch: 25.916813
logoutlocation:
  world: LionHUB
  x: 92.30975251948503
  y: 46.0
  z: -57.85679021419898
  yaw: -166.11755
  pitch: 7.9469194
