lastlocation:
  world: MainLobby
  x: 31.9429257201924
  y: 57.0
  z: 0.6984662668823288
  yaw: -83.68184
  pitch: 38.34049
lastAccountName: Peshang_Kurdish
timestamps:
  login: 1512655848821
  lastteleport: 1512655923722
  logout: 1512656013643
ipAddress: 199.188.236.117
money: '0.0'
godmode: true
logoutlocation:
  world: MainLobby
  x: -0.5335005639400162
  y: 60.0
  z: 0.46918172662426155
  yaw: -89.0
  pitch: 2.0
