lastlocation:
  world: MainLobby
  x: 40.15276852119125
  y: 59.0
  z: 1.0977563796251895
  yaw: -240.8
  pitch: 27.550003
lastAccountName: Chapter60
timestamps:
  login: 1508173232468
  lastteleport: 1508173342488
  logout: 1508173451580
ipAddress: 107.192.73.212
logoutlocation:
  world: LionHUB
  x: 938.8904831597787
  y: 6.0
  z: -374.93347612228325
  yaw: 8.446564
  pitch: 3.4500022
