timestamps:
  lastteleport: 1500923892777
  login: 1500923852042
  logout: 1500923891173
lastlocation:
  world: MainLobby
  x: 1.2359650080258582
  y: 60.0
  z: 0.8289538125257774
  yaw: -124.78081
  pitch: 10.404343
lastAccountName: BlockMC_Suck
ipAddress: 156.204.164.121
socialspy: false
logoutlocation:
  world: LionHUB
  x: 93.5
  y: 45.0
  z: -62.5
  yaw: -359.88382
  pitch: -20.032845
