lastAccountName: pitris
timestamps:
  login: 1505741777684
  logout: 1505741783458
ipAddress: 213.155.254.220
socialspy: false
logoutlocation:
  world: LionHUB
  x: 93.50848809898889
  y: 45.0
  z: -62.54658081977909
  yaw: -57.511333
  pitch: 60.238937
