lastlocation:
  world: skywars
  x: 100.62851681545868
  y: 153.0
  z: -146.729959390294
  yaw: -23.39809
  pitch: -9.420395
lastAccountName: maufo7
timestamps:
  login: 1508785896883
  logout: 1508786017872
ipAddress: 84.90.209.221
logoutlocation:
  world: LionHUB
  x: 984.2143448503288
  y: 37.5
  z: -431.3674925435065
  yaw: -227.80334
  pitch: 9.207526
