lastlocation:
  world: LionHUB
  x: 943.047344317246
  y: 37.0
  z: -406.1065862664111
  yaw: -183.73691
  pitch: 41.30189
lastAccountName: Anthony_Gamer15
timestamps:
  login: 1508802857403
  lastteleport: 1508802901961
  logout: 1508802990552
ipAddress: 181.196.55.84
logoutlocation:
  world: MainLobby
  x: 15.473345758089916
  y: 57.0
  z: 0.06310911826732052
  yaw: -93.81362
  pitch: 53.076405
