lastAccountName: thibtaill23
timestamps:
  login: 1502032912341
  lastteleport: 1502032919356
  logout: 1502032996252
ipAddress: 94.67.188.61
socialspy: false
lastlocation:
  world: LionHUB
  x: 93.56775289367943
  y: 46.0
  z: -60.20391187239341
  yaw: -1.6548926
  pitch: 8.628725
logoutlocation:
  world: MainLobby
  x: 0.7386518013166091
  y: 60.0
  z: 0.4765052992511828
  yaw: 272.0
  pitch: 0.0
