lastlocation:
  world: LionHUB
  x: 942.9847941585354
  y: 38.0
  z: -414.80756805231493
  yaw: -359.53693
  pitch: 4.701889
lastAccountName: FlashBRRB
timestamps:
  login: 1511624701901
  logout: 1511624935319
ipAddress: 179.125.117.125
logoutlocation:
  world: LionHUB
  x: 948.3016521374519
  y: 37.0
  z: -413.6030840878549
  yaw: 236.77582
  pitch: 39.11956
