timestamps:
  lastteleport: 1498824759471
  login: 1498823043336
  logout: 1498824758760
lastlocation:
  world: FFA
  x: 41.60044104177399
  y: 13.0
  z: 25.95949963155767
  yaw: 289.97208
  pitch: 5.85
lastAccountName: xxsdga
ipAddress: 81.213.248.39
socialspy: false
logoutlocation:
  world: LionHUB
  x: 29.0
  y: 66.0
  z: 15.0
  yaw: 90.11987
  pitch: -0.34908158
