lastAccountName: MasterDa
timestamps:
  login: 1506204573202
  lastteleport: 1506204604917
  logout: 1506204760810
ipAddress: 174.44.192.197
socialspy: false
lastlocation:
  world: LionHUB
  x: 91.6661305865788
  y: 48.0
  z: -48.408101670319205
  yaw: 6.0030212
  pitch: 3.007129
logoutlocation:
  world: Sg
  x: -94.94001222694301
  y: 4.0
  z: 41.23716749036483
  yaw: 291.45624
  pitch: 17.476404
