lastAccountName: RedKing484
timestamps:
  login: 1506099136064
  lastteleport: 1506099209543
  logout: 1506099236033
ipAddress: 70.79.70.200
socialspy: false
lastlocation:
  world: LionHUB
  x: 95.19492353261684
  y: 48.0
  z: -46.590960939327246
  yaw: -22.66145
  pitch: 14.279607
logoutlocation:
  world: MainLobby
  x: 32.59619954259762
  y: 79.0
  z: 488.57947514764294
  yaw: 68.6473
  pitch: -6.5017977
