timestamps:
  lastteleport: 1490633015710
  login: 1490632968719
lastlocation:
  world: LionHUB
  x: 15.754660525893629
  y: 67.0
  z: 8.138422877199272
  yaw: 216.6423
  pitch: 20.37001
lastAccountName: iLeaksPvP
ipAddress: 127.0.0.1
