lastAccountName: MrPopcornSoMLG
timestamps:
  login: 1502449949598
  logout: 1502449965513
ipAddress: 203.215.117.234
socialspy: false
logoutlocation:
  world: LionHUB
  x: 93.51999108110613
  y: 45.0
  z: -62.30000001192093
  yaw: -1.2632126
  pitch: 11.762165
