lastlocation:
  world: LionHUB
  x: 945.4315881362779
  y: 37.0
  z: -408.69331484958786
  yaw: -268.43103
  pitch: 13.66211
lastAccountName: JixanBg
timestamps:
  login: 1514414522938
  lastteleport: 1514414558710
  logout: 1514414564936
ipAddress: 5.53.138.212
money: '0.0'
logoutlocation:
  world: Sg
  x: -101.29045968902757
  y: 5.0
  z: 46.406761760021716
  yaw: -129.98273
  pitch: 5.125895
