timestamps:
  lastteleport: 1498137072594
  login: 1498137049239
  logout: 1498137072141
lastlocation:
  world: LionHUB
  x: 29.235542699423117
  y: 66.5
  z: 15.86865223956178
  yaw: 15.869845
  pitch: 9.250917
socialspy: false
lastAccountName: 323d
ipAddress: 37.128.74.33
logoutlocation:
  world: LionHUB
  x: 30.5
  y: 67.0
  z: 15.5
  yaw: 90.11987
  pitch: -0.34908158
