lastlocation:
  world: LionHUB
  x: 942.0
  y: 38.0
  z: -415.0
  yaw: -3.4155564
  pitch: -0.97587335
lastAccountName: knifeykins
timestamps:
  login: 1513719342738
  logout: 1513719356473
ipAddress: 74.111.30.152
logoutlocation:
  world: LionHUB
  x: 947.233401798886
  y: 37.0
  z: -412.51860700239365
  yaw: 85.779755
  pitch: 15.126039
