lastAccountName: omarellewaa
timestamps:
  login: 1503891813814
  logout: 1503892406262
  lastteleport: 1503892032810
ipAddress: 41.41.51.150
socialspy: false
logoutlocation:
  world: MainLobby
  x: -0.5335005639400162
  y: 60.0
  z: 0.46918172662426155
  yaw: -89.0
  pitch: 2.0
lastlocation:
  world: LionHUB
  x: 93.51999108110613
  y: 45.0
  z: -62.30000001192093
  yaw: 1.4367876
  pitch: 12.962166
