timestamps:
  lastteleport: 1499901653550
  login: 1499901651385
  logout: 1499901653494
lastlocation:
  world: LionHUB
  x: 93.5
  y: 45.0
  z: -62.5
  yaw: -359.88382
  pitch: -20.032845
lastAccountName: Lq84cYu8YC2kQzO0
ipAddress: 186.128.150.99
socialspy: false
logoutlocation:
  world: LionHUB
  x: 93.5
  y: 45.0
  z: -62.5
  yaw: -359.88382
  pitch: -20.032845
