lastAccountName: enio11
timestamps:
  login: 1501629134679
  lastteleport: 1501491560719
  logout: 1501629173447
ipAddress: 188.4.199.138
socialspy: false
lastlocation:
  world: LionHUB
  x: 94.36705527403647
  y: 47.0
  z: -47.31790761361459
  yaw: 21.320953
  pitch: -5.6699033
logoutlocation:
  world: LionHUB
  x: 93.53617441774483
  y: 45.0
  z: -62.051018976014745
  yaw: 2.4231873
  pitch: 21.206411
