socialspy: false
lastAccountName: NeutraIMilkcow
timestamps:
  login: 1505185506414
  logout: 1505185535044
ipAddress: 162.201.144.143
logoutlocation:
  world: LionHUB
  x: 93.31295727821752
  y: 46.0
  z: -93.69999998807907
  yaw: -179.31133
  pitch: -0.21106246
