lastlocation:
  world: LionHUB
  x: 941.7211406794597
  y: 37.5
  z: -408.03913564484793
  yaw: -212.12756
  pitch: -4.199998
