timestamps:
  lastteleport: 1499901685907
  login: 1499901669686
  logout: 1499901685413
lastlocation:
  world: LionHUB
  x: 93.35
  y: 45.0
  z: -62.35
  yaw: -359.88382
  pitch: -20.032845
socialspy: false
lastAccountName: 34odLeX4DuhYs9fm
ipAddress: 173.230.88.143
logoutlocation:
  world: LionHUB
  x: 93.5
  y: 45.0
  z: -62.5
  yaw: -359.88382
  pitch: -20.032845
