timestamps:
  lastteleport: 1499691150716
  login: 1499691138465
  logout: 1499691149514
lastlocation:
  world: LionHUB
  x: 93.5
  y: 45.0
  z: -62.5
  yaw: -79.68393
  pitch: 11.467157
lastAccountName: EkremPolat__2
ipAddress: 36.74.246.41
socialspy: false
logoutlocation:
  world: LionHUB
  x: 93.5
  y: 45.0
  z: -62.5
  yaw: -359.88382
  pitch: -20.032845
