timestamps:
  lastteleport: 1499901715912
  login: 1499901715450
lastlocation:
  world: LionHUB
  x: 93.5
  y: 45.0
  z: -62.5
  yaw: -359.88382
  pitch: -20.032845
lastAccountName: hWemO4lEYW0Ef0tE
ipAddress: 111.205.46.28
socialspy: false
logoutlocation:
  world: LionHUB
  x: 93.5
  y: 45.0
  z: -62.5
  yaw: -359.88382
  pitch: -20.032845
