lastAccountName: xXBleachXx
timestamps:
  login: 1505935863701
  lastteleport: 1505935886153
  logout: 1505935924054
ipAddress: 172.11.26.73
socialspy: false
lastlocation:
  world: LionHUB
  x: 93.7861067511619
  y: 46.0
  z: -64.62678681670151
  yaw: -255.44989
  pitch: 2.2499962
logoutlocation:
  world: Sg
  x: -99.73678364040637
  y: 3.5
  z: 83.82329631527655
  yaw: 20.766665
  pitch: 4.049997
