timestamps:
  lastteleport: 1499901645056
  login: 1499901638352
lastlocation:
  world: LionHUB
  x: 49.23790120048649
  y: 4.0
  z: -91.5082848756997
  yaw: 92.28638
  pitch: 74.49833
socialspy: false
lastAccountName: Iu3aFgU0cnPUjhXb
ipAddress: 68.234.197.97
logoutlocation:
  world: LionHUB
  x: 93.5
  y: 45.0
  z: -62.5
  yaw: -359.88382
  pitch: -20.032845
