lastlocation:
  world: LionHUB
  x: 942.9847941585354
  y: 38.0
  z: -414.80756805231493
  yaw: -359.53693
  pitch: 4.701889
lastAccountName: King_yusuf
timestamps:
  login: 1507457527578
  logout: 1507457593947
ipAddress: 62.248.62.201
socialspy: false
logoutlocation:
  world: LionHUB
  x: 909.3000000119209
  y: 37.0
  z: -378.6674919154739
  yaw: -255.67749
  pitch: -30.073118
