lastAccountName: Understands
timestamps:
  login: 1506557796649
  logout: 1506558108802
  lastteleport: 1506558102881
ipAddress: 96.32.228.126
socialspy: false
lastlocation:
  world: LionHUB
  x: 91.48468129813418
  y: 45.5
  z: -89.87227001289389
  yaw: 321.71808
  pitch: 9.629571
logoutlocation:
  world: SkyBlock
  x: -2.1092648087348405
  y: 65.0
  z: -1.3237268772244843
  yaw: 125.04724
  pitch: 27.84283
