lastAccountName: RaFticDiO
socialspy: false
timestamps:
  login: 1503005551507
  lastteleport: 1503005562301
  logout: 1503009436836
ipAddress: 99.16.255.55
lastlocation:
  world: LionHUB
  x: 95.52903033043978
  y: 46.5
  z: -60.467058715499164
  yaw: -2.4750466
  pitch: -6.911873
logoutlocation:
  world: MainLobby
  x: 2.733259916570657
  y: 60.0
  z: -0.6583879264623282
  yaw: -92.371704
  pitch: 14.449146
