lastlocation:
  world: LionHUB
  x: 941.4950719173693
  y: 37.5
  z: -414.1627582956211
  yaw: 162.19095
  pitch: 17.614422
lastAccountName: NiktheAmazing
timestamps:
  login: 1512744533385
  lastteleport: 1512744553576
  logout: 1512744579520
ipAddress: 185.56.100.191
money: '0.0'
logoutlocation:
  world: MainLobby
  x: 31.019755235876712
  y: 57.0
  z: -1.3171967511227836
  yaw: -101.59367
  pitch: 11.080669
