lastlocation:
  world: Breeze
  x: -6.101736559130998
  y: 67.0
  z: 26.510668264119886
  yaw: 309.9519
  pitch: 15.022699
lastAccountName: KiwiBro48
timestamps:
  login: 1508128850058
  lastteleport: 1508128889358
  logout: 1508128909133
ipAddress: 219.88.174.97
logoutlocation:
  world: Sg
  x: -97.04436672769097
  y: 5.0
  z: 45.40498339937263
  yaw: -197.91858
  pitch: -5.858493
