lastAccountName: PuG_L1fe_
timestamps:
  login: 1505439694224
  lastteleport: 1505439530280
  logout: 1505439881574
ipAddress: 98.193.90.14
socialspy: false
lastlocation:
  world: LionHUB
  x: 92.97195575615805
  y: 46.0
  z: -59.94758972146413
  yaw: 4.3913884
  pitch: -8.6972065
logoutlocation:
  world: LionHUB
  x: 92.66684560912792
  y: 46.0
  z: -67.49809200965865
  yaw: 295.4492
  pitch: 2.509188
