lastlocation:
  world: LionHUB
  x: 746.4592455243042
  y: 10.0
  z: 3608.7898504515924
  yaw: -0.10546875
  pitch: -4.859901
lastAccountName: panda_warrior1
timestamps:
  login: 1518744938484
  logout: 1518744946078
ipAddress: 100.38.40.241
logoutlocation:
  world: LionHUB
  x: 746.4592455243042
  y: 10.0
  z: 3608.7898504515924
  yaw: 0.36383867
  pitch: -5.470001
