lastlocation:
  world: LionHUB
  x: 942.0
  y: 38.0
  z: -415.0
  yaw: 0.0
  pitch: 0.0
lastAccountName: pedroatc
timestamps:
  login: 1512861613194
  logout: 1512861671703
ipAddress: 185.153.177.3
logoutlocation:
  world: LionHUB
  x: 959.8443371805038
  y: 37.0
  z: -420.4898903703663
  yaw: 89.75529
  pitch: -0.9760137
