timestamps:
  lastteleport: 1499436935870
  login: 1499436781862
  logout: 1499436934664
lastlocation:
  world: LionHUB
  x: 87.30000001192093
  y: 46.0
  z: -63.36885579604585
  yaw: -266.5659
  pitch: 59.250015
socialspy: false
lastAccountName: Totem
ipAddress: 36.81.215.127
logoutlocation:
  world: LionHUB
  x: 93.5
  y: 45.0
  z: -62.5
  yaw: -179.4159
  pitch: 90.0
