lastlocation:
  world: LionHUB
  x: 746.4608990594793
  y: 10.0
  z: 3608.985840686206
  yaw: -1.2382697
  pitch: -3.8326983
lastAccountName: WARRIOR_LINKER
timestamps:
  login: 1521233414401
  logout: 1521233438632
ipAddress: 98.5.126.13
logoutlocation:
  world: LionHUB
  x: 746.4592487672799
  y: 10.0
  z: 3608.790766734639
  yaw: 11.577776
  pitch: -0.6070995
