lastlocation:
  world: skywars
  x: 102.16076203062971
  y: 150.0
  z: -131.180173554382
  yaw: -184.05228
  pitch: 17.504028
lastAccountName: Kakashi4Gaming_
timestamps:
  login: 1506783778302
  logout: 1506783819606
ipAddress: 197.2.188.235
socialspy: false
logoutlocation:
  world: LionHUB
  x: 94.69999998807907
  y: 47.0
  z: -47.876606124783
  yaw: -59.463207
  pitch: 4.562165
