lastlocation:
  world: MainLobby
  x: -0.5335005639400162
  y: 60.0
  z: 0.46918172662426155
  yaw: -89.0
  pitch: 2.0
lastAccountName: NoHaXjUsTtYlEr
timestamps:
  login: 1511715612112
  lastteleport: 1511715624828
  logout: 1511716557663
ipAddress: 73.98.178.23
money: '0.0'
logoutlocation:
  world: MainLobby
  x: 1.9550584420586745
  y: 60.0
  z: 2.1095337335425075
  yaw: 226.2207
  pitch: 14.429854
