lastlocation:
  world: MainLobby
  x: 7.532000258440755
  y: 59.0
  z: 0.503698234235344
  yaw: -89.913536
  pitch: 2.2826052
lastAccountName: Mega_Mining
timestamps:
  login: 1510497404456
  lastteleport: 1510497472769
  logout: 1510497476917
ipAddress: 82.33.104.175
logoutlocation:
  world: LionHUB
  x: 943.0195191088159
  y: 38.0
  z: -414.25812266697704
  yaw: -0.14031087
  pitch: -3.5336792
