lastlocation:
  world: LionHUB
  x: 938.8332534625332
  y: 37.0
  z: -406.23205075550004
  yaw: -212.12756
  pitch: -4.199998
