lastlocation:
  world: LionHUB
  x: 943.0195191088159
  y: 38.0
  z: -414.25812266697704
  yaw: -0.47781372
  pitch: -3.5336792
lastAccountName: LimaRodvik
timestamps:
  login: 1511877830596
  logout: 1511877840031
ipAddress: 109.66.71.155
logoutlocation:
  world: LionHUB
  x: 939.5670651923524
  y: 37.0
  z: -367.6412586780261
  yaw: -113.229
  pitch: 12.291044
