lastAccountName: moeizqaiser
timestamps:
  login: 1504535088406
  lastteleport: 1504521007533
  logout: 1504535163000
ipAddress: 58.65.152.183
socialspy: false
lastlocation:
  world: LionHUB
  x: 94.29577875581474
  y: 47.0
  z: -51.50894462994568
  yaw: 18.688665
  pitch: 7.738937
logoutlocation:
  world: LionHUB
  x: 93.51999108110613
  y: 45.0
  z: -62.30000001192093
  yaw: -1.2632126
  pitch: 11.762165
