lastlocation:
  world: LionHUB
  x: 942.9847941585354
  y: 38.0
  z: -414.80756805231493
  yaw: -359.53693
  pitch: 4.701889
lastAccountName: GameLer7cz
timestamps:
  login: 1511033378161
  logout: 1511033411582
ipAddress: 46.39.168.200
logoutlocation:
  world: LionHUB
  x: 947.3734801904375
  y: 37.0
  z: -411.441743549713
  yaw: 204.85117
  pitch: 27.834332
