lastAccountName: dingo568
timestamps:
  login: 1504637259700
  lastteleport: 1504637347133
  logout: 1504637349356
ipAddress: 67.249.199.169
socialspy: false
lastlocation:
  world: LionHUB
  x: 93.55219430274155
  y: 46.0
  z: -53.377683809216144
  yaw: -2.7222664
  pitch: 32.675274
logoutlocation:
  world: Sg
  x: -102.15750213335055
  y: 5.0
  z: 46.73483814714067
  yaw: -10.504639
  pitch: 17.595682
