socialspy: false
lastAccountName: 7mneal3lm
timestamps:
  login: 1504455083976
  logout: 1504455095242
ipAddress: 37.237.170.18
logoutlocation:
  world: LionHUB
  x: 93.93097531234551
  y: 45.0
  z: -62.465318563511524
  yaw: 10.888666
  pitch: 12.088937
