lastlocation:
  world: SkyBlock
  x: 0.5
  y: 65.0
  z: 0.5
  yaw: -0.5006714
  pitch: 1.4008675
lastAccountName: elpapro77888
timestamps:
  login: 1506978631059
  lastteleport: 1506890239614
  logout: 1506978691655
ipAddress: 181.208.67.34
socialspy: false
logoutlocation:
  world: LionHUB
  x: 943.1506342092641
  y: 38.0
  z: -414.0661489434049
  yaw: -8.511757
  pitch: 14.60993
