lastlocation:
  world: LionHUB
  x: 943.0568505848291
  y: 38.0
  z: -466.9573811172372
  yaw: -180.77782
  pitch: -8.483679
lastAccountName: hjlmlj
timestamps:
  login: 1513592358983
  lastteleport: 1513592400360
  kits:
    starter: 1513592424424
  logout: 1513592457885
ipAddress: 197.0.174.92
money: '0.0'
logoutlocation:
  world: Factions
  x: 122.0
  y: 71.0
  z: -312.0
  yaw: 0.0
  pitch: 0.0
