lastlocation:
  world: LionHUB
  x: 942.0
  y: 38.0
  z: -415.0
  yaw: 0.0
  pitch: 0.0
lastAccountName: 1enio1
timestamps:
  login: 1515082313591
  logout: 1515082412334
ipAddress: 188.4.31.248
logoutlocation:
  world: LionHUB
  x: 943.7249274584793
  y: 38.0
  z: -414.99753536238353
  yaw: 159.266
  pitch: 8.284788
