socialspy: false
lastAccountName: semih4545
timestamps:
  login: 1503337548575
  logout: 1503337612397
ipAddress: 94.54.2.111
logoutlocation:
  world: FFA
  x: 1.0
  y: 13.0
  z: 0.0
  yaw: 243.97784
  pitch: -0.79050434
