lastAccountName: ByQuadrixisback
timestamps:
  login: 1506452458967
  logout: 1506452463538
ipAddress: 88.152.13.52
socialspy: false
logoutlocation:
  world: LionHUB
  x: 93.49280369457847
  y: 45.5
  z: -62.02617187364317
  yaw: 3.9643064
  pitch: 2.2751882
lastlocation:
  world: FFA
  x: 13.0
  y: 11.0
  z: -149.0
  yaw: 33.528015
  pitch: 15.448185
