lastlocation:
  world: LionHUB
  x: 943.0195191088159
  y: 38.0
  z: -414.25812266697704
  yaw: -0.47781372
  pitch: -3.5336792
lastAccountName: Jdawgvsgaming
timestamps:
  login: 1510442356706
  lastteleport: 1510440487399
  logout: 1510443385997
ipAddress: 71.196.243.184
logoutlocation:
  world: LionHUB
  x: 944.0942646860423
  y: 41.87246834730509
  z: -413.9316191832227
  yaw: 17.072239
  pitch: 19.266335
