lastlocation:
  world: LionHUB
  x: 942.0
  y: 38.0
  z: -415.0
  yaw: 0.0
  pitch: 0.0
lastAccountName: Doraelinia
timestamps:
  login: 1513129010206
  logout: 1513129032524
ipAddress: 71.201.225.213
logoutlocation:
  world: LionHUB
  x: 943.6529084435087
  y: 38.0
  z: -414.8802160404822
  yaw: 246.00395
  pitch: 5.379636
