lastlocation:
  world: ASkyBlock
  x: -596.0108669934712
  y: 116.9375
  z: 400.57614264742057
  yaw: 240.45026
  pitch: 52.649994
lastAccountName: pingazz
timestamps:
  login: 1506569629983
  lastteleport: 1506569762559
  logout: 1506570139730
ipAddress: 42.241.145.113
socialspy: false
logoutlocation:
  world: ASkyBlock
  x: -601.6999999880791
  y: 118.0
  z: 397.30000001192093
  yaw: 23.699936
  pitch: -4.949965
