lastlocation:
  world: MainLobby
  x: -0.5335005639400162
  y: 60.0
  z: 0.46918172662426155
  yaw: -89.0
  pitch: 2.0
lastAccountName: yicheto985
timestamps:
  login: 1514288549667
  lastteleport: 1514288569398
  logout: 1514288599132
ipAddress: 178.254.238.125
money: '0.0'
logoutlocation:
  world: MainLobby
  x: 8.392853405569019
  y: 57.5
  z: 15.014635864629009
  yaw: 50.799957
  pitch: 16.35001
