lastAccountName: ElYassaaHD
timestamps:
  login: 1504909342120
  lastteleport: 1504887014044
  logout: 1504909408431
ipAddress: 41.100.62.32
socialspy: false
lastlocation:
  world: LionHUB
  x: 93.45031771647855
  y: 47.0
  z: -48.100759419736804
  yaw: 29.787024
  pitch: 24.749998
logoutlocation:
  world: FFA
  x: 13.0
  y: 11.0
  z: -149.0
  yaw: 270.8743
  pitch: 25.030176
