lastlocation:
  world: Breeze
  x: -6.275431419804297
  y: 67.0
  z: 26.653983986744258
  yaw: -53.499992
  pitch: 16.349995
lastAccountName: Willstar
timestamps:
  login: 1515658209576
  logout: 1515658304790
  lastteleport: 1515658234353
ipAddress: 101.190.173.218
logoutlocation:
  world: Sg
  x: -98.0715495618585
  y: 5.0
  z: 46.607111236716406
  yaw: 186.86679
  pitch: -1.7342765
money: '0.0'
