lastAccountName: Bl0ckBlade
timestamps:
  login: 1501597850665
  logout: 1501597862769
ipAddress: 86.2.92.149
socialspy: false
logoutlocation:
  world: LionHUB
  x: 93.50848809898889
  y: 45.0
  z: -62.54658081977909
  yaw: -1.3648148
  pitch: -23.406553
