lastAccountName: MictianTEP
timestamps:
  login: 1503676535637
  lastteleport: 1503676574583
  logout: 1503677936274
ipAddress: 218.215.31.98
socialspy: false
lastlocation:
  world: LionHUB
  x: 93.17329822891605
  y: 45.5
  z: -62.84980083346302
  yaw: 343.7518
  pitch: 7.944727
logoutlocation:
  world: MainLobby
  x: 3.0289432750940044
  y: 62.0
  z: -3.157259143656327
  yaw: -189.82733
  pitch: 29.534512
