timestamps:
  lastteleport: 1499901715981
  login: 1499901686743
  logout: 1499901714128
lastlocation:
  world: LionHUB
  x: 93.5
  y: 45.0
  z: -62.5
  yaw: -359.88382
  pitch: -20.032845
lastAccountName: pQTSNBj4GR0sq_7N
ipAddress: 121.10.141.149
socialspy: false
logoutlocation:
  world: LionHUB
  x: 93.5
  y: 45.0
  z: -62.5
  yaw: -359.88382
  pitch: -20.032845
