lastlocation:
  world: KitPvP
  x: 344.9967139850413
  y: 23.0
  z: -733.1926944265595
  yaw: 20.312891
  pitch: 1.5177943
lastAccountName: icebergOfficial
timestamps:
  login: 1517760149438
  lastteleport: 1517760351150
  logout: 1517760548474
ipAddress: 68.100.94.207
money: '500.0'
logoutlocation:
  world: LionHUB
  x: 746.9734370770926
  y: 10.0
  z: 3614.528666875563
  yaw: 9.12285
  pitch: 2.948675
