lastlocation:
  world: LionHUB
  x: 942.0
  y: 38.0
  z: -415.0
  yaw: 0.0
  pitch: 0.0
lastAccountName: StaffCustxm
timestamps:
  login: 1512257586904
  lastteleport: 1512257777337
  kits:
    starter: 1512257817048
  logout: 1512258396022
ipAddress: 82.19.11.65
money: '500.0'
logoutlocation:
  world: LionHUB
  x: 940.6999999880791
  y: 7.0
  z: -398.3299542020096
  yaw: 268.9997
  pitch: 11.669947
