lastAccountName: vuongphuc
timestamps:
  login: 1501485079349
  logout: 1501486057755
ipAddress: 1.55.46.92
socialspy: false
logoutlocation:
  world: FFA
  x: 1.0
  y: 13.0
  z: 0.0
  yaw: 20.552002
  pitch: 12.042199
