lastAccountName: Lode211
timestamps:
  login: 1502549116282
  logout: 1502549704525
  lastteleport: 1502549148005
ipAddress: 79.210.164.84
socialspy: false
logoutlocation:
  world: MainLobby
  x: 29.25812259412159
  y: 58.0
  z: 0.13526725726339878
  yaw: 259.7977
  pitch: 22.730682
lastlocation:
  world: LionHUB
  x: 94.01370457710438
  y: 46.0
  z: -54.38987821392887
  yaw: -1.4531704
  pitch: 0.85626245
