lastlocation:
  world: LionHUB
  x: 940.2687008502912
  y: 37.5
  z: -407.13027672393383
  yaw: -212.12756
  pitch: -4.199998
