lastlocation:
  world: LionHUB
  x: 746.4592455243042
  y: 10.0
  z: 3608.7898504515924
  yaw: -0.10546875
  pitch: -4.859901
lastAccountName: Garyboi
timestamps:
  login: 1517636341186
  logout: 1517636453609
ipAddress: 124.187.86.72
logoutlocation:
  world: LionHUB
  x: 659.2031306478658
  y: 56.0
  z: 3561.073639897561
  yaw: -149.9553
  pitch: 24.449976
