lastAccountName: jellyboy05
timestamps:
  login: 1506191740824
  logout: 1506191844768
ipAddress: 71.92.43.235
socialspy: false
logoutlocation:
  world: LionHUB
  x: 93.30917560290644
  y: 45.5
  z: -62.817799965373105
  yaw: -177.31355
  pitch: 14.3703575
