lastlocation:
  world: FFA
  x: 26.69999998807907
  y: 28.5
  z: -704.3000000119209
  yaw: 335.66394
  pitch: 2.0542126
lastAccountName: InfernalChill_
timestamps:
  login: 1511286295071
  lastteleport: 1508026663829
  logout: 1511286353207
ipAddress: 75.188.48.53
logoutlocation:
  world: FFA
  x: 1.0
  y: 13.0
  z: 0.0
  yaw: 335.66394
  pitch: 2.0542126
