timestamps:
  lastteleport: 1499901725814
  login: 1499901721847
  logout: 1499901724405
lastlocation:
  world: LionHUB
  x: 93.35
  y: 45.0
  z: -62.35
  yaw: -359.88382
  pitch: -20.032845
lastAccountName: u43WS5dqkbSWyZhs
ipAddress: 123.201.110.194
socialspy: false
logoutlocation:
  world: LionHUB
  x: 93.5
  y: 45.0
  z: -62.5
  yaw: -359.88382
  pitch: -20.032845
