lastlocation:
  world: FFA
  x: 37.525205923668985
  y: 13.0
  z: 11.713303726681861
  yaw: 85.308685
  pitch: 18.12404
lastAccountName: Lutzii
timestamps:
  login: 1508659779689
  logout: 1508659878307
ipAddress: 62.116.37.223
logoutlocation:
  world: FFA
  x: 1.0
  y: 13.0
  z: 0.0
  yaw: 85.308685
  pitch: 18.12404
