lastlocation:
  world: LionHUB
  x: 943.0195191088159
  y: 38.0
  z: -414.25812266697704
  yaw: -0.47781372
  pitch: -3.5336792
lastAccountName: RonaldoDeSaoBras
timestamps:
  login: 1515525681327
  logout: 1515525812471
ipAddress: 85.246.17.152
logoutlocation:
  world: LionHUB
  x: 901.8480661098688
  y: 37.0
  z: -440.0385508004245
  yaw: 117.482635
  pitch: -3.1341405
