lastlocation:
  world: MainLobby
  x: 1.6517259494213468
  y: 60.0
  z: 0.5014093442587182
  yaw: -85.413536
  pitch: 8.226355
lastAccountName: ITrippyxX
timestamps:
  login: 1514567607951
  lastteleport: 1514567637876
  logout: 1514567678095
ipAddress: 94.248.148.36
money: '500.0'
logoutlocation:
  world: LionHUB
  x: 943.0195191088159
  y: 38.0
  z: -414.25812266697704
  yaw: 35.67218
  pitch: 16.866323
