lastAccountName: Sr_Rubix
timestamps:
  login: 1506286407429
  lastteleport: 1506286415640
  logout: 1506286657166
ipAddress: 79.146.8.238
socialspy: false
lastlocation:
  world: LionHUB
  x: 92.69283253494538
  y: 46.0
  z: -60.81534034990887
  yaw: 185.35791
  pitch: 11.276598
logoutlocation:
  world: lobby_practice
  x: 629.0779398426788
  y: 39.78502770378924
  z: -2766.0902216833974
  yaw: -60.81836
  pitch: 18.84443
