lastAccountName: KorTezz
timestamps:
  login: 1505180076900
  lastteleport: 1505180095181
  logout: 1505180227652
ipAddress: 24.245.51.172
socialspy: false
lastlocation:
  world: LionHUB
  x: 93.5260789111635
  y: 45.0
  z: -61.6631271430917
  yaw: -1.2632126
  pitch: 11.762165
logoutlocation:
  world: ASkyBlock
  x: -399.58193929907804
  y: 120.0
  z: 403.37441736138203
  yaw: -212.54987
  pitch: 44.85003
