lastlocation:
  world: MainLobby
  x: 14.671446443594693
  y: 57.0
  z: 9.196327694260866
  yaw: 72.08371
  pitch: -30.66852
lastAccountName: Bananahamma123
timestamps:
  login: 1506538728268
  lastteleport: 1506539201369
  logout: 1506540254042
ipAddress: 84.85.255.121
socialspy: false
logoutlocation:
  world: MainLobby
  x: 14.671446443594693
  y: 57.0
  z: 9.196327694260866
  yaw: 71.19641
  pitch: -30.047438
