lastAccountName: slimeros3
socialspy: false
timestamps:
  login: 1504725078755
  logout: 1504725081250
ipAddress: 94.65.39.218
logoutlocation:
  world: LionHUB
  x: 93.51999108110613
  y: 45.0
  z: -62.30000001192093
  yaw: -1.2632126
  pitch: 11.762165
