lastlocation:
  world: LionHUB
  x: 746.4592455243042
  y: 10.0
  z: 3608.7898504515924
  yaw: -0.10546875
  pitch: -4.859901
lastAccountName: Darkxeon
timestamps:
  login: 1519391601476
  logout: 1519391637425
ipAddress: 78.164.123.121
logoutlocation:
  world: LionHUB
  x: 746.7411898270647
  y: 10.0
  z: 3612.63545852419
  yaw: 190.88797
  pitch: 10.522584
