lastlocation:
  world: LionHUB
  x: 942.4436439483794
  y: 39.24918707874468
  z: -363.2888732815477
  yaw: 0.046642054
  pitch: 4.10753
socialspy: false
lastAccountName: TrollGeri
timestamps:
  login: 1507217107954
  lastteleport: 1507217215360
  logout: 1507217343735
ipAddress: 88.132.206.195
logoutlocation:
  world: MainLobby
  x: 0.3979901456428905
  y: 60.0
  z: 2.219547477356358
  yaw: 258.3871
  pitch: 7.77634
