lastlocation:
  world: LionHUB
  x: 942.9847941585354
  y: 38.0
  z: -414.80756805231493
  yaw: 0.46307373
  pitch: 4.701889
lastAccountName: xISoup
timestamps:
  login: 1511188383474
  logout: 1511188420688
ipAddress: 91.13.239.6
logoutlocation:
  world: LionHUB
  x: 938.165434957164
  y: 36.5
  z: -396.38842562724267
  yaw: 167.52237
  pitch: 10.866315
