socialspy: false
lastAccountName: JustAngo
timestamps:
  login: 1503905984418
  logout: 1503906026223
ipAddress: 110.22.217.165
logoutlocation:
  world: LionHUB
  x: 93.62414201141216
  y: 46.0
  z: -68.13440473366798
  yaw: 180.40736
  pitch: -4.117618
