lastlocation:
  world: UhcMeetup
  x: 89.57205501892021
  y: 68.0
  z: 151.12401299940686
  yaw: -113.59558
  pitch: 31.349966
lastAccountName: OGRefill
timestamps:
  login: 1512257383526
  lastteleport: 1512257469248
  logout: 1512258024542
ipAddress: 31.44.231.200
money: '0.0'
logoutlocation:
  world: MainLobby
  x: 1.1954505269039166
  y: 60.0
  z: 0.4744730769702037
  yaw: -150.98743
  pitch: -9.038865
