lastlocation:
  world: LionHUB
  x: 942.7237134218096
  y: 37.0
  z: -412.3734677088498
  yaw: 12.270738
  pitch: -9.702331
lastAccountName: TizChacoFK_
timestamps:
  login: 1512758229835
  lastteleport: 1512758246532
  kits:
    starter: 1512657786258
  logout: 1512758336593
ipAddress: 167.59.157.34
money: '0.0'
logoutlocation:
  world: Factions
  x: 117.76054849363676
  y: 63.0
  z: -232.38147905806633
  yaw: 7.5046387
  pitch: 8.723338
