lastAccountName: meatviking
timestamps:
  login: 1501604471495
  lastteleport: 1501604491292
  logout: 1501605686390
ipAddress: 24.182.188.185
socialspy: false
lastlocation:
  world: LionHUB
  x: 234.5
  y: 4.0
  z: -79.5
  yaw: -247.48492
  pitch: 6.026737
logoutlocation:
  world: LionHUB
  x: 226.02831858610804
  y: 4.0
  z: -95.71662920185767
  yaw: -319.77405
  pitch: 10.033523
