lastlocation:
  world: LionHUB
  x: 942.8403807524348
  y: 38.0
  z: -466.916461925355
  yaw: -181.88242
  pitch: 55.199997
lastAccountName: banm3m8
timestamps:
  login: 1514558945415
  lastteleport: 1514559021770
  kits:
    starter: 1514559040898
  logout: 1514559174016
ipAddress: 197.1.45.52
money: '0.0'
logoutlocation:
  world: Factions
  x: 83.6266185828014
  y: 91.0
  z: -778.9609035560941
  yaw: 202.56757
  pitch: 25.05
