lastlocation:
  world: Factions
  x: 26.952318913613304
  y: 43.0
  z: -442.1852736707145
  yaw: 265.1265
  pitch: 41.396236
