lastAccountName: capsisbanned
timestamps:
  login: 1506269095064
  logout: 1506269109698
ipAddress: 24.211.76.13
socialspy: false
logoutlocation:
  world: LionHUB
  x: 93.50848809898889
  y: 45.0
  z: -62.54658081977909
  yaw: 1.2886657
  pitch: -1.4110628
