timestamps:
  lastteleport: 1499462588022
  login: 1499462538076
  logout: 1499462586865
lastlocation:
  world: LionHUB
  x: 92.55001096046362
  y: 46.0
  z: -59.66143834269757
  yaw: -191.26593
  pitch: 20.099983
lastAccountName: Samir99
ipAddress: 41.104.123.185
socialspy: false
logoutlocation:
  world: LionHUB
  x: 94.5
  y: 45.0
  z: -63.5
  yaw: -179.4159
  pitch: 90.0
