timestamps:
  lastteleport: 1499354811353
  login: 1499354374496
  logout: 1499354809140
lastlocation:
  world: LionHUB
  x: 93.83226736283491
  y: 4.0
  z: -71.69549614027443
  yaw: -23.082703
  pitch: 22.944355
socialspy: false
lastAccountName: euteamo
ipAddress: 179.104.55.165
logoutlocation:
  world: LionHUB
  x: 93.5
  y: 45.0
  z: -62.5
  yaw: -179.4159
  pitch: 90.0
