lastlocation:
  world: LionHUB
  x: 942.9847941585354
  y: 38.0
  z: -414.80756805231493
  yaw: -359.53693
  pitch: 4.701889
lastAccountName: MasterCreeperHD
timestamps:
  login: 1508938164638
  logout: 1508938225627
ipAddress: 36.75.33.54
logoutlocation:
  world: LionHUB
  x: 942.966286899466
  y: 38.0
  z: -413.8855725786986
  yaw: -2.2369263
  pitch: 4.701889
