lastlocation:
  world: LionHUB
  x: 943.0195191088159
  y: 38.0
  z: -414.25812266697704
  yaw: -0.47781372
  pitch: -3.5336792
lastAccountName: NoHaxJustMei
timestamps:
  login: 1516448185587
  logout: 1516448194651
ipAddress: 110.54.174.203
logoutlocation:
  world: LionHUB
  x: 942.0
  y: 38.0
  z: -415.0
  yaw: 1.6185634
  pitch: -10.682519
