timestamps:
  lastteleport: 1499901710531
  login: 1499901705544
  logout: 1499901709128
lastlocation:
  world: LionHUB
  x: 93.5
  y: 45.0
  z: -62.5
  yaw: -359.88382
  pitch: -20.032845
socialspy: false
lastAccountName: Rtr88g1GsdIgm84R
ipAddress: 61.187.123.141
logoutlocation:
  world: LionHUB
  x: 93.5
  y: 45.0
  z: -62.5
  yaw: -359.88382
  pitch: -20.032845
