timestamps:
  lastteleport: 1499901640143
  login: 1499901636814
lastlocation:
  world: LionHUB
  x: 93.5
  y: 45.0
  z: -62.5
  yaw: -359.88382
  pitch: -20.032845
socialspy: false
lastAccountName: uM9hbU_L0m1cFM2h
ipAddress: 104.145.91.200
logoutlocation:
  world: LionHUB
  x: 93.5
  y: 45.0
  z: -62.5
  yaw: -359.88382
  pitch: -20.032845
