lastAccountName: FinneseLilJay
timestamps:
  login: 1501551409118
  logout: 1501551485305
ipAddress: 76.14.183.195
socialspy: false
logoutlocation:
  world: LionHUB
  x: 93.55253326866367
  y: 47.0
  z: -52.490242978212706
  yaw: -218.49634
  pitch: 20.17882
