socialspy: false
lastAccountName: kjkjkjjj
timestamps:
  login: 1504023553163
  lastteleport: 1504023622719
  logout: 1504023647279
ipAddress: 77.31.162.86
lastlocation:
  world: LionHUB
  x: 94.0547616155358
  y: 47.0
  z: -48.51689617749051
  yaw: 7.275177
  pitch: 2.5063233
logoutlocation:
  world: MainLobby
  x: 6.791475462809059
  y: 59.0
  z: -1.0192399157459309
  yaw: -265.3326
  pitch: 13.442674
