timestamps:
  lastteleport: 1499901681483
  login: 1499901679243
  logout: 1499901680566
lastlocation:
  world: LionHUB
  x: 49.23790120048649
  y: 4.0
  z: -91.5082848756997
  yaw: 92.28638
  pitch: 74.49833
socialspy: false
lastAccountName: cjUDcnJZ5KbJQ3ll
ipAddress: 92.240.248.118
logoutlocation:
  world: LionHUB
  x: 49.23790120048649
  y: 4.0
  z: -91.5082848756997
  yaw: 92.28638
  pitch: 74.49833
