lastAccountName: BK210GR
timestamps:
  login: 1504729367815
  lastteleport: 1504729427435
  logout: 1504729507234
ipAddress: 46.12.80.76
socialspy: false
lastlocation:
  world: LionHUB
  x: 93.58243317584618
  y: 47.0
  z: -48.94712414099392
  yaw: 201.6174
  pitch: 26.266378
logoutlocation:
  world: MainLobby
  x: 23.304886404632647
  y: 58.0
  z: 0.4312107472852257
  yaw: 270.76486
  pitch: 15.093945
