lastlocation:
  world: Breeze
  x: -6.5
  y: 67.0
  z: 26.5
  yaw: -35.65
  pitch: 5.4000006
lastAccountName: thefoxygirl100
timestamps:
  login: 1508376461443
  lastteleport: 1508376571211
  logout: 1508376591344
ipAddress: 181.46.16.45
logoutlocation:
  world: Sg
  x: -97.65003837600607
  y: 5.0
  z: 45.59248158481503
  yaw: -178.53328
  pitch: 6.215713
