lastlocation:
  world: LionHUB
  x: 903.5445438301384
  y: 38.0
  z: -379.03801142973055
  yaw: -320.72577
  pitch: 14.32946
lastAccountName: FlamerDetector9
timestamps:
  login: 1514287069095
  lastteleport: 1514287197508
  logout: 1514287238489
ipAddress: 49.150.40.115
money: '0.0'
logoutlocation:
  world: MainLobby
  x: 35.19406518044845
  y: 80.1707870772188
  z: 489.820494493224
  yaw: 95.14099
  pitch: 18.465378
