timestamps:
  lastteleport: 1504974478862
  login: 1504974447393
  logout: 1504974615189
lastlocation:
  world: LionHUB
  x: 92.73405530627473
  y: 46.0
  z: -60.11688359954945
  yaw: 354.3869
  pitch: 5.0121675
lastAccountName: superyellowYT
ipAddress: 76.94.156.14
socialspy: false
logoutlocation:
  world: MainLobby
  x: 32.017315767443264
  y: 80.0
  z: 488.752583728691
  yaw: -98.12448
  pitch: 2.8800998
