lastlocation:
  world: LionHUB
  x: 943.18908965309
  y: 37.0
  z: -370.0960441065384
  yaw: -0.31595737
  pitch: -3.6955357
lastAccountName: Single4Life
timestamps:
  login: 1513847821083
  lastteleport: 1513847868542
  kits:
    starter: 1513847894404
  logout: 1513847919155
ipAddress: 110.54.230.40
money: '0.0'
logoutlocation:
  world: Factions
  x: 118.61258018223292
  y: 68.0
  z: -272.7962382728671
  yaw: 55.901455
  pitch: 40.433487
