lastlocation:
  world: MainLobby
  x: 19.47886003873812
  y: 57.0
  z: 22.207127609568875
  yaw: 157.29988
  pitch: 7.099975
lastAccountName: watapampa1
timestamps:
  login: 1514607649201
  lastteleport: 1514607686932
  logout: 1514607762650
ipAddress: 122.52.131.52
money: '0.0'
logoutlocation:
  world: MainLobby
  x: -0.5335005639400162
  y: 60.0
  z: 0.46918172662426155
  yaw: -89.0
  pitch: 2.0
