lastAccountName: iDropUrLuck
timestamps:
  login: 1506377277710
  lastteleport: 1506377315908
  logout: 1506377334987
ipAddress: 75.130.11.130
socialspy: false
lastlocation:
  world: LionHUB
  x: 94.27703632068814
  y: 47.41999998688698
  z: -48.36952130408864
  yaw: -20.874573
  pitch: -1.8223327
logoutlocation:
  world: MainLobby
  x: 31.330668502068754
  y: 79.0
  z: 484.46947241070205
  yaw: 168.2703
  pitch: 29.69346
