jails: 
  itzfelix: 
    world: LionHUB
    x: 96.40801837391068
    y: 46.0
    z: -56.58590025074542
    yaw: -31.713215
    pitch: -38.637833
  1: 
    world: test
    x: 9.799696642957672
    y: 75.0
    z: 87.87707172149632
    yaw: -195.44998
    pitch: 19.050001
