spawns: 
  default: 
    world: LionHUB
    x: 93.50349081559223
    y: 45.0
    z: -62.50178856106034
    yaw: -359.88382
    pitch: -20.032845
