lobby:
  world: MainLobby
  x: -0.5335005639400162
  y: 60.0
  z: 0.46918172662426155
  yaw: -89.913536
  pitch: 2.2263546
lobbysethotbar:
  world: MainLobby
  x: 0.2848006995705517
  y: 60.0
  z: 0.4466786553997219
  yaw: -89.40021
  pitch: -5.550022
