world: LionHUB
x: -40.5726107390181
y: 5.0
z: -362.5336744881704
yaw: 195.21655
pitch: 84.15
name: arcade
