world: lobby_practice
x: 588.6999999880791
y: 4.0
z: -615.9892348394081
yaw: -268.87488
pitch: 1.8657178
name: arena13
