world: lobby_practice
x: 2.9604050449729167
y: 74.0
z: -4657.426165119928
yaw: 180.81506
pitch: -1.0739415
name: arena6
