world: lobby_practice
x: -15.5
y: 57.239849897403374
z: -5162.5
yaw: 181.97646
pitch: 0.72256684
name: arena7
