world: MainLobby
x: -0.5335005639400162
y: 60.0
z: 0.46918172662426155
yaw: -89.913536
pitch: 2.2263546
name: arenapvp
