world: lobby_practice
x: 970.4144867704711
y: 109.0
z: -1833.6341984646572
yaw: 290.27835
pitch: 20.396088
name: arena22
