world: lobby_practice
x: 612.6999999880791
y: 35.0
z: -294.69999998807907
yaw: 43.723213
pitch: 7.484309
name: arena11
