world: lobby_practice
x: -5.5
y: 62.0
z: -6517.5
yaw: 182.08696
pitch: 44.075455
name: arena9
