world: lobby_practice
x: 519.313935637702
y: 4.0
z: -3273.300000011921
yaw: -0.021057129
pitch: 72.56829
name: arena17
