world: lobby_practice
x: 464.85163592085416
y: 65.0
z: -423.2092274246795
yaw: -217.40192
pitch: 30.994225
name: arena10
