world: lobby_practice
x: 213.30674668319094
y: 74.0
z: -2547.516754177448
yaw: 351.78882
pitch: 42.74997
name: arena23
