world: lobby_practice
x: 11.29952355164605
y: 67.0
z: -466.7402920355643
yaw: 179.7213
pitch: 4.9274306
name: arena1
