world: lobby_practice
x: 12.598535739265206
y: 82.0
z: -3866.7674040661054
yaw: 179.91673
pitch: 0.5942292
name: arena5
