world: lobby_practice
x: -9.5
y: 66.0
z: -5751.5
yaw: 182.60031
pitch: 7.1191654
name: arena8
