world: lobby_practice
x: 520.6279110425991
y: 4.0
z: -3238.3654587990122
yaw: -356.80542
pitch: 81.2155
name: arena18
