world: lobby_practice
x: -14.5052808092791
y: 4.0
z: -2798.3488086485722
yaw: -0.83343506
pitch: -5.6728864
name: arena19
