world: lobby_practice
x: 17.00526612225957
y: 78.13520242265966
z: -2100.8795200520185
yaw: 166.82791
pitch: 17.75948
name: arena3
