world: lobby_practice
x: 539.8464946795968
y: 5.0
z: -3329.984311362218
yaw: -270.76135
pitch: 20.017345
name: arena15
