world: lobby_practice
x: -8.360025435009605
y: 99.62285633950928
z: -3067.800289704024
yaw: 180.68663
pitch: 24.42824
name: arena4
