world: lobby_practice
x: 20.308419377887677
y: 73.0
z: -1202.7312577495948
yaw: 1.0
pitch: 0.0
name: arena20
