world: lobby_practice
x: 607.6037565590043
y: 28.0
z: -444.2620751150443
yaw: -219.71773
pitch: 44.205757
name: arena12
