world: lobby_practice
x: 2283.008124347142
y: 65.0
z: -6556.715470957818
yaw: -224.43965
pitch: 8.385063
name: arenabot1
