world: lobby_practice
x: 520.6258021547882
y: 4.0
z: -3301.7377579722456
yaw: -344.5713
pitch: 16.801762
name: arena16
