world: lobby_practice
x: -316.60971873578893
y: 31.0
z: -757.475682806131
yaw: -180.0
pitch: 6.0
name: arena21
