world: lobby_practice
x: 550.3000000119209
y: 39.0
z: -2755.182552226078
yaw: -86.51694
pitch: 5.4830403
name: arena14
