world: lobby_practice
x: 22.043613524419044
y: 73.0
z: -1140.405451731734
yaw: 0.52459717
pitch: -7.7763042
name: arena2
