world: lobby_practice
x: -36.486940891561815
y: 79.0
z: -2136.7468030484615
yaw: 311.0
pitch: 0.0
name: BuildUHC
