world: LionHUB
x: 240.38143095799066
y: 4.0
z: 298.31080297840344
yaw: 359.78702
pitch: 0.062161915
name: DojoHubIdea
