world: Factions
x: 122.482793792707
y: 70.0625
z: -311.1072150400128
yaw: -179.1267
pitch: 0.7005392
name: factions
