world: SkyBlock
x: 131.97470156768946
y: 66.0
z: 21.78026632475772
yaw: -89.84842
pitch: 10.1854515
name: farm
