world: FFA
x: 25.364027198653677
y: 28.0
z: -702.6860334151411
yaw: -179.25305
pitch: -5.8997164
name: ffa
