world: FFAnormal
x: 1.8126693326324235
y: 14.0
z: 5.148075406028513
yaw: -273.2627
pitch: 20.717543
name: ffanormal
