world: lobby_practice
x: 14.47144706067001
y: 79.0
z: -2077.3559906864757
yaw: 105.91568
pitch: 15.341001
name: Fixingagain
