world: Factions
x: 7026.760162337822
y: 6.0
z: 6217.300000011921
yaw: -43.304245
pitch: 43.744553
name: ForsakenGEN
