world: LionHUB
x: -504.49388557873607
y: 4.0
z: -507.938177793516
yaw: -80.854004
pitch: 27.149883
name: Green
