world: HCF
x: 0.5962093412011392
y: 69.0
z: 0.9348325441221711
yaw: -0.08090066
pitch: 2.5897145
name: hcf
