world: LionHUB
x: 95.75933629991856
y: 47.0
z: -101.21141801011927
yaw: 39.91811
pitch: 7.5897365
name: hi
