world: LionHUB
x: 1112.1912750828592
y: 40.0
z: 725.0065891397019
yaw: 225.10045
pitch: 20.02187
name: Ican't
