world: UhcMeetup
x: 173.38656032856642
y: 74.09730911772829
z: 67.30000001192094
yaw: -31.68745
pitch: 65.99205
name: justtofixmeetup
