world: map
x: -990.4819452471744
y: 87.0
z: 275.64518573340814
yaw: -0.36170167
pitch: -1.8668555
name: kitpvp
