world: UhcMeetup
x: 218.37296301280597
y: 68.0
z: 142.56664951138828
yaw: -357.04944
pitch: 21.832912
name: meetup2
