world: MainLobby
x: 31.56843947878993
y: 80.0
z: 489.5065399981104
yaw: -89.1244
pitch: 5.4301014
name: meetup
