world: TNT
x: 90.33996649692016
y: 188.0
z: -19.94985379687351
yaw: -86.58703
pitch: 57.528606
name: mlg
