world: LionHUB
x: 1075.271841220177
y: 32.0
z: 732.9926745901801
yaw: 341.42188
pitch: 18.290533
name: NewSWLobby
