world: LionHUB
x: 93.57538075062354
y: 45.0
z: -62.39080082363492
yaw: 359.01663
pitch: -2.400015
name: oldhub
