world: LionHUB
x: 943.0195191088159
y: 38.0
z: -414.25812266697704
yaw: -0.47781372
pitch: -3.5336792
name: oldoldhub
