world: parkour
x: 0.5199250934223265
y: 19.0
z: 0.4393808412143283
yaw: 5.098877
pitch: 11.549979
name: parkour
