world: plots
x: -48.10132510471003
y: 67.0
z: 0.6283678314405656
yaw: 270.31006
pitch: 2.849889
name: plots
