world: SkyBlock
x: 0.5217692671067198
y: 64.0
z: 34.174154210772144
yaw: 0.1671262
pitch: 5.3241773
name: shop
