world: SkyBlock
x: 0.5047466801591027
y: 76.0
z: 70.49079344749094
yaw: -0.31469727
pitch: 27.958973
name: shop2
