world: SkyBlock
x: 0.49879419339590486
y: 65.0
z: 0.41804634385052336
yaw: -0.5006714
pitch: 1.4008675
name: skyblock
