world: skywars
x: 102.64065660837124
y: 149.0
z: -129.44586649486064
yaw: -0.13907278
pitch: -6.104372
name: Skywars
