world: LionHUB
x: 746.5199621902005
y: 2.0
z: 3923.391568194584
yaw: -178.2282
pitch: 1.3698006
name: staff
