world: LionHUB
x: 873.4037602835136
y: 5.0
z: -106.47303623231892
yaw: 167.2124
pitch: 4.7212838E-5
name: staffoffices
