world: LionHUB
x: 836.6170312792067
y: 4.0
z: -141.5115793314178
yaw: 147.72887
pitch: 7.647676
name: StootS(s)_Power
