world: Sg
x: -99.58313619570055
y: 5.0
z: 51.299349198024714
yaw: -179.73328
pitch: -10.7342825
name: SurvivalGames
