world: UhcMeetup
x: 88.40367295776284
y: 70.0
z: 141.25676431369416
yaw: -140.50845
pitch: 3.8755708
name: uhcmeetup
