world: LionHUB
x: 942.9168573582073
y: 32.0
z: -415.1382120355435
yaw: 95.350586
pitch: 36.749973
name: warproom
